4.976081301796624246e+01 1.251270945496340232e+02 1.494082027705522933e+02 5.052742211413792095e-01 1.967733236394721696e-01
3.890206260971328334e+01 1.242696021064950287e+02 1.448254827384435259e+02 5.005548770177198348e-01 1.806903711157143433e-01
3.169458246513864452e+01 1.243373136720628338e+02 1.410184324410963370e+02 4.994121879039342127e-01 1.832888188507731109e-01
1.376104864409836992e+01 1.278733690096807152e+02 1.299576694125428276e+02 4.917158061286504012e-01 5.028102194771584266e-01
2.146802809092589115e+01 1.262121604139715458e+02 1.350713361670670736e+02 5.096690310144391667e-01 2.753313171334948461e-01
1.366302680083690291e+02 1.367477832021520499e+02 1.636648899073428254e+02 4.927903969450243560e-01 8.521739035971966914e-01
1.378248337028824722e+02 1.331618625277161811e+02 1.411197339246119782e+02 5.290023094901142864e-01 4.759896664387207599e-01
9.336562203228869805e+01 1.314672364672364608e+02 1.584477682811016166e+02 5.147524250088350017e-01 5.925171517071804450e-01
1.523115130981910568e+02 1.367909129408917579e+02 1.655020872406074091e+02 4.866745261808503309e-01 7.259863670177413297e-01
1.704017094017094109e+02 1.382222222222222285e+02 1.802927350427350461e+02 5.612950228334844249e-01 2.769124264451356954e-01
8.650237717908082402e+01 1.395990491283676818e+02 1.663787638668779607e+02 4.841010704719105329e-01 3.298428543922257150e-01
1.541196754563894444e+02 1.391460446247464517e+02 1.790446247464502960e+02 5.530398552710923399e-01 2.859850998085334828e-01
1.427376425855513276e+02 1.397908745247148374e+02 1.774524714828897345e+02 5.523386797151053074e-01 2.945168970541193754e-01
1.294587912087912116e+02 1.403118131868131968e+02 1.753804945054945108e+02 5.085958739804897766e-01 2.962839341344009059e-01
1.602066115702479294e+02 1.385867768595041412e+02 1.795661157024793511e+02 5.566141475232389002e-01 2.789449293272560637e-01
1.018770491803278730e+02 1.409931693989070993e+02 1.708674863387978178e+02 5.049134885200458056e-01 3.431217336533696205e-01
1.645205761316872497e+02 1.382695473251028773e+02 1.796769547325102963e+02 5.697749031082366411e-01 2.765598759022080411e-01
1.108515625000000000e+02 1.409960937500000000e+02 1.727513020833333428e+02 5.145286512474008811e-01 3.119280568535808262e-01
2.027982673267326845e+02 1.345631188118811963e+02 1.418353960396039497e+02 5.722041538873227084e-01 4.939815243206563955e-01
1.746323987538940798e+02 1.336573208722741413e+02 1.424299065420560737e+02 5.449187505262267361e-01 5.391154977145015126e-01
1.208731034482758560e+02 1.404303448275861967e+02 1.738358620689655254e+02 4.973718546132339102e-01 2.964271135460297968e-01
2.351562500000000000e+02 1.292187500000000000e+02 1.416406250000000000e+02 5.121166839916838631e-01 3.006717289719625930e-01
2.375377073906485847e+01 1.296383861236802488e+02 1.216123680241327349e+02 5.192574231035771426e-01 5.669429525944108539e-01
5.577777777777777857e+01 1.471851851851851904e+02 1.383703703703703809e+02 5.182105182105185559e-01 3.170647282796815181e-01
6.403571428571429180e+01 1.496071428571428612e+02 1.392500000000000000e+02 4.689634689634691322e-01 3.185358255451712917e-01
6.903448275862068328e+01 1.510689655172413666e+02 1.408275862068965409e+02 3.997419169832965302e-01 3.179718551938983673e-01
8.312217795484727390e+01 1.381567065073041078e+02 1.638658698539176726e+02 4.841231056370497998e-01 3.954359095290679305e-01
5.845736434108527391e+01 1.299379844961240451e+02 1.231395348837209269e+02 5.840384212477235382e-01 5.501702528435852280e-01
