4.654270139309509347e+01 1.225289723399959598e+02 1.484149000605693516e+02
4.253516174402250272e+01 1.224634317862166029e+02 1.467597280825128792e+02
3.795152998776009667e+01 1.224678090575275462e+02 1.447471236230110208e+02
3.479215149441021993e+01 1.225327401323294509e+02 1.430574948665297654e+02
5.242565776055476334e+01 1.235814807260860704e+02 1.502031409341219614e+02
5.991995532390171064e+01 1.300796723752792161e+02 1.519586746090841416e+02
3.130377794911333922e+01 1.226664096633256236e+02 1.411449498843485060e+02
4.027021972884525525e+01 1.225366993922393704e+02 1.458167367928938631e+02
2.702497477295661099e+01 1.233562058526740657e+02 1.386839051463168460e+02
1.819512195121951237e+01 1.251845649799781626e+02 1.339170003640334983e+02
1.234544962568774196e+01 1.276558131144583683e+02 1.294738883376927845e+02
5.273534912718204737e+01 1.300224438902743032e+02 1.505031172069825516e+02
5.427832167832168153e+01 1.283409790209790344e+02 1.510503496503496592e+02
4.792908054169636500e+01 1.281158232359230169e+02 1.490655737704917954e+02
4.669685767097966789e+01 1.308691312384473235e+02 1.487164510166358582e+02
5.720806506269061487e+01 1.300684513724161206e+02 1.514940698068451468e+02
2.792415277030661613e+01 1.288977945131791216e+02 1.389058633674018211e+02
4.294470545717383203e+01 1.290791470907119560e+02 1.470538489338633781e+02
3.079952550415183765e+01 1.293024911032028399e+02 1.401506524317912294e+02
4.103854038540385574e+01 1.289298892988929879e+02 1.460783107831078382e+02
5.047544470224284652e+01 1.233924980665119904e+02 1.496337973704563069e+02
2.597652582159624401e+01 1.304075117370892087e+02 1.192873239436619741e+02
2.408959537572254206e+01 1.288901734104046284e+02 1.290317919075144459e+02
7.683760683760684174e+01 1.274059829059829099e+02 1.584316239316239319e+02
7.730418250950570780e+01 1.286653992395437172e+02 1.568307984790874627e+02
2.149786455155582843e+01 1.284716290420988400e+02 1.352965222696766432e+02
4.806262230919764988e+01 1.277240704500978410e+02 1.405303326810176259e+02
5.223839662447257126e+01 1.272341772151898738e+02 1.410527426160337541e+02
5.864829396325459498e+01 1.276456692913385780e+02 1.393228346456693032e+02
6.819614147909967983e+01 1.280707395498392316e+02 1.406495176848874564e+02
7.046540880503144422e+01 1.282232704402515822e+02 1.402641509433962312e+02
6.260882352941176521e+01 1.279117647058823479e+02 1.397382352941176578e+02
8.238633193863319093e+01 1.311338912133891199e+02 1.515885634588563562e+02
9.416981132075471805e+01 1.309937106918239067e+02 1.437295597484276755e+02
1.002514970059880284e+02 1.313053892215568794e+02 1.446706586826347234e+02
1.022687499999999972e+02 1.315124999999999886e+02 1.440062499999999943e+02
1.073793103448275872e+02 1.315574712643678197e+02 1.445919540229885172e+02
8.597267759562841150e+01 1.310273224043715743e+02 1.441147540983606632e+02
9.021500000000000341e+01 1.310500000000000114e+02 1.456100000000000136e+02
1.140675675675675649e+02 1.321283783783783861e+02 1.431959459459459367e+02
1.200353535353535364e+02 1.323232323232323324e+02 1.433939393939394051e+02
1.331480144404332009e+02 1.334296028880866345e+02 1.402129963898916856e+02
1.382815533980582643e+02 1.334336569579288039e+02 1.395857605177993435e+02
1.350618181818181824e+02 1.330036363636363603e+02 1.418000000000000114e+02
1.289157894736842138e+02 1.324842105263157919e+02 1.442473684210526415e+02
1.403722397476340689e+02 1.335457413249211243e+02 1.392050473186119746e+02
1.534385964912280826e+02 1.326228070175438631e+02 1.453947368421052602e+02
8.150000000000000000e+01 1.293719512195121979e+02 1.422621951219512084e+02
9.701863354037267584e+01 1.311987577639751521e+02 1.440745341614906749e+02
1.261336633663366342e+02 1.322623762376237551e+02 1.447623762376237551e+02
1.066959459459459509e+02 1.329594594594594525e+02 1.503108108108108070e+02
9.642210144927535964e+01 1.327554347826086882e+02 1.595561594202898448e+02
1.011164383561643803e+02 1.325273972602739718e+02 1.498424657534246478e+02
1.111250000000000000e+02 1.317697368421052602e+02 1.453881578947368496e+02
6.605787781350481680e+01 1.279903536977491996e+02 1.405369774919614088e+02
8.749586776859504766e+01 1.313140495867768607e+02 1.468636363636363740e+02
1.042929936305732497e+02 1.313439490445859974e+02 1.442993630573248538e+02
5.527828054298642257e+01 1.271809954751131215e+02 1.409457013574660493e+02
1.327166795281666793e+02 1.367688237239554496e+02 1.632692095689560006e+02
9.110385756676558344e+01 1.316261127596439167e+02 1.554985163204747778e+02
1.441436157658720845e+02 1.367603257021477532e+02 1.645322161907009786e+02
1.494560669456066933e+02 1.368471495815899459e+02 1.653389121338912275e+02
1.537601968147093032e+02 1.368437135828046110e+02 1.658578272691958944e+02
1.411953032424862613e+02 1.368128837660239014e+02 1.642093073359905304e+02
1.387333694474539527e+02 1.368444203683640410e+02 1.639718309859154886e+02
1.572821489557336179e+02 1.367899645343491386e+02 1.660584526467883961e+02
1.557142857142857224e+02 1.292857142857142776e+02 1.668571428571428612e+02
1.695000000000000000e+02 1.295000000000000000e+02 1.710000000000000000e+02
1.775000000000000000e+02 1.331666666666666572e+02 1.703333333333333428e+02
1.833333333333333428e+02 1.330000000000000000e+02 1.700000000000000000e+02
1.905000000000000000e+02 1.330000000000000000e+02 1.680000000000000000e+02
1.848000000000000114e+02 1.318000000000000114e+02 1.675999999999999943e+02
8.774879227053139630e+01 1.399565217391304373e+02 1.677777777777777715e+02
8.265238095238095184e+01 1.395523809523809575e+02 1.660380952380952522e+02
1.462052455771371910e+02 1.367865891376964100e+02 1.648316219225534951e+02
8.144680851063829152e+01 1.284489361702127610e+02 1.585234042553191500e+02
4.974974772956609570e+01 1.301920618903464515e+02 1.495768583921964421e+02
1.830000000000000000e+02 1.286666666666666572e+02 1.746666666666666572e+02
1.893888888888888857e+02 1.343888888888888857e+02 1.750555555555555429e+02
1.991666666666666572e+02 1.321666666666666572e+02 1.750000000000000000e+02
2.023750000000000000e+02 1.336666666666666572e+02 1.806250000000000000e+02
2.085000000000000000e+02 1.320000000000000000e+02 1.758333333333333428e+02
2.060000000000000000e+02 1.305714285714285836e+02 1.721428571428571388e+02
1.704836956521739069e+02 1.384619565217391255e+02 1.804293478260869676e+02
1.752865497076023473e+02 1.383684210526315894e+02 1.813157894736842195e+02
1.589763313609467446e+02 1.385029585798816640e+02 1.794142011834319419e+02
1.496684491978609515e+02 1.397112299465240710e+02 1.788609625668449326e+02
1.420578947368421154e+02 1.402736842105263122e+02 1.777894736842105203e+02
1.500000000000000000e+02 1.260000000000000000e+02 1.630000000000000000e+02
1.370000000000000000e+02 1.270000000000000000e+02 1.620000000000000000e+02
1.753000000000000114e+02 1.325000000000000000e+02 1.701999999999999886e+02
1.950000000000000000e+02 1.280000000000000000e+02 1.780000000000000000e+02
2.107692307692307736e+02 1.322307692307692264e+02 1.803846153846153868e+02
5.121459227467811104e+01 1.398712446351931362e+02 1.520257510729613841e+02
1.651801242236024905e+02 1.385217391304347814e+02 1.805465838509316825e+02
1.541593406593406712e+02 1.393296703296703356e+02 1.791153846153846132e+02
1.792500000000000000e+02 1.277500000000000000e+02 1.677500000000000000e+02
1.710000000000000000e+02 1.270000000000000000e+02 1.670000000000000000e+02
2.055333333333333314e+02 1.328666666666666742e+02 1.833333333333333428e+02
1.941159420289855007e+02 1.355072463768115938e+02 1.823623188405797180e+02
8.974626865671642406e+01 1.406069651741293569e+02 1.683781094527363109e+02
1.000903846153846217e+02 1.339749999999999943e+02 1.600384615384615472e+02
6.067381974248927179e+01 1.388969957081545203e+02 1.575150214592274551e+02
6.657399103139013619e+01 1.388161434977578494e+02 1.601569506726457348e+02
9.669432314410479989e+01 1.418558951965065376e+02 1.712270742358078621e+02
1.257533039647577056e+02 1.408281938325991121e+02 1.751718061674008879e+02
1.316591928251121146e+02 1.412286995515695196e+02 1.771300448430493191e+02
1.905999999999999943e+02 1.294000000000000057e+02 1.731999999999999886e+02
2.030000000000000000e+02 1.285999999999999943e+02 1.715999999999999943e+02
1.640000000000000000e+02 1.280000000000000000e+02 1.650000000000000000e+02
1.357745671115032451e+02 1.368346751957648735e+02 1.636060438954450262e+02
5.387795275590551114e+01 1.376653543307086522e+02 1.524724409448818960e+02
1.216359447004608256e+02 1.406129032258064626e+02 1.737557603686636014e+02
1.398079096045197787e+02 1.405988700564971623e+02 1.779548022598870034e+02
2.160999999999999943e+02 1.301999999999999886e+02 1.751999999999999886e+02
1.960000000000000000e+02 1.280000000000000000e+02 1.690000000000000000e+02
1.916521739130434696e+02 1.357826086956521863e+02 1.823333333333333428e+02
1.514653220559531519e+02 1.368592062459336489e+02 1.655937540663630330e+02
8.472769953051643199e+01 1.396807511737089271e+02 1.670516431924882568e+02
6.944217687074829826e+01 1.353469387755102105e+02 1.578571428571428612e+02
1.124607142857142890e+02 1.420392857142857110e+02 1.742857142857142776e+02
2.130909090909090935e+02 1.316363636363636260e+02 1.783636363636363740e+02
6.306324110671936722e+01 1.388972332015810309e+02 1.586758893280632492e+02
1.034508928571428612e+02 1.422812500000000000e+02 1.729732142857142776e+02
1.864693877551020478e+02 1.369795918367346985e+02 1.813979591836734642e+02
7.596875000000000000e+01 1.393375000000000057e+02 1.636312499999999943e+02
1.731755319148936110e+02 1.385319148936170279e+02 1.809680851063829721e+02
8.757314148681055599e+01 1.285923261390887262e+02 1.603309352517985644e+02
7.085106382978723616e+01 1.427730496453900741e+02 1.574539007092198517e+02
6.205405405405405617e+01 1.389189189189189051e+02 1.510810810810810949e+02
9.500578034682081352e+01 1.312485549132948108e+02 1.458959537572254419e+02
1.013544303797468302e+02 1.423037974683544178e+02 1.724556962025316409e+02
5.756632653061224403e+01 1.389642857142857224e+02 1.553877551020408134e+02
1.634842105263157919e+02 1.335157894736842081e+02 1.434105263157894683e+02
7.710909090909090935e+01 1.393272727272727138e+02 1.535454545454545325e+02
9.761052631578947114e+01 1.314684210526315837e+02 1.468210526315789366e+02
1.625780346820809257e+02 1.386184971098265919e+02 1.803583815028901824e+02
1.183406113537117932e+02 1.412445414847161658e+02 1.745240174672489104e+02
8.101388888888888573e+01 1.432500000000000000e+02 1.550000000000000000e+02
1.787478260869565077e+02 1.339565217391304373e+02 1.412173913043478137e+02
1.704571428571428555e+02 1.338857142857142719e+02 1.412380952380952408e+02
1.568475609756097526e+02 1.387195121951219505e+02 1.791890243902439011e+02
7.632183908045976750e+01 1.432988505747126453e+02 1.572183908045977034e+02
7.175925925925925242e+01 1.408518518518518476e+02 1.518333333333333428e+02
1.237284482758620641e+02 1.408663793103448256e+02 1.747672413793103487e+02
9.131818181818181301e+01 1.400227272727272805e+02 1.557045454545454675e+02
8.716129032258064058e+01 1.439677419354838719e+02 1.564193548387096655e+02
8.233333333333332860e+01 1.416666666666666572e+02 1.440000000000000000e+02
7.843023255813953654e+01 1.434418604651162923e+02 1.563604651162790731e+02
5.666666666666666430e+01 1.400000000000000000e+02 1.386666666666666572e+02
4.796744186046511516e+01 1.405023255813953540e+02 1.513395348837209440e+02
3.239999999999999858e+01 1.416444444444444457e+02 1.414444444444444571e+02
2.533445945945945965e+01 1.428885135135135158e+02 1.373344594594594525e+02
1.181428571428571388e+02 1.370000000000000000e+02 1.690329670329670364e+02
7.534848484848484418e+01 1.356439393939394051e+02 1.590984848484848442e+02
7.618781725888324274e+01 1.305228426395939039e+02 1.425431472081218374e+02
1.889285714285714164e+02 1.343067226890756274e+02 1.408277310924369772e+02
1.998115942028985614e+02 1.346028985507246318e+02 1.415478260869565190e+02
2.052844036697247816e+02 1.347545871559632928e+02 1.418233944954128560e+02
5.190498812351543734e+01 1.289691211401425051e+02 1.440451306413301609e+02
2.214499999999999886e+02 1.314499999999999886e+02 1.424499999999999886e+02
2.369756097560975547e+02 1.288536585365853568e+02 1.416829268292682968e+02
2.291111111111111143e+02 1.301111111111111143e+02 1.414444444444444571e+02
1.030683760683760681e+02 1.387948717948717956e+02 1.669316239316239319e+02
4.294240837696334978e+01 1.300209424083769534e+02 1.227434554973822003e+02
1.915953307392996123e+02 1.344124513618677099e+02 1.410972762645914429e+02
3.611397849462365883e+01 1.313720430107526909e+02 1.191634408602150472e+02
3.925961538461538680e+01 1.423846153846153868e+02 1.456730769230769340e+02
3.863559322033898269e+01 1.298728813559322077e+02 1.262966101694915295e+02
1.511912568306011053e+02 1.336666666666666572e+02 1.395792349726775967e+02
1.215585106382978751e+02 1.329414893617021391e+02 1.407234042553191387e+02
3.493220338983050510e+01 1.411949152542372872e+02 1.428728813559322077e+02
1.648080808080808026e+02 1.335454545454545325e+02 1.404747474747474882e+02
1.948455882352941160e+02 1.344448529411764639e+02 1.413345588235294201e+02
5.000000000000000000e+01 1.461428571428571388e+02 1.370000000000000000e+02
5.785714285714285410e+01 1.485714285714285836e+02 1.378571428571428612e+02
6.800000000000000000e+01 1.495000000000000000e+02 1.430000000000000000e+02
7.390000000000000568e+01 1.480000000000000000e+02 1.479000000000000057e+02
7.787261146496815911e+01 1.397579617834394980e+02 1.644012738853503208e+02
4.137500000000000000e+01 1.453750000000000000e+02 1.348750000000000000e+02
6.387500000000000000e+01 1.501250000000000000e+02 1.375000000000000000e+02
5.414285714285714590e+01 1.478571428571428612e+02 1.360000000000000000e+02
6.862500000000000000e+01 1.517500000000000000e+02 1.387500000000000000e+02
7.072727272727273373e+01 1.526363636363636260e+02 1.395454545454545325e+02
7.188888888888888573e+01 1.514444444444444571e+02 1.431111111111111143e+02
1.606328125000000000e+02 1.336406250000000000e+02 1.399296875000000000e+02
6.700000000000000000e+01 1.480000000000000000e+02 1.470000000000000000e+02
6.100000000000000000e+01 1.490000000000000000e+02 1.440000000000000000e+02
4.639999999999999858e+01 1.451999999999999886e+02 1.374000000000000057e+02
5.175000000000000000e+01 1.500000000000000000e+02 1.392500000000000000e+02
5.333333333333333570e+01 1.483333333333333428e+02 1.440000000000000000e+02
1.104929577464788792e+02 1.320492957746478737e+02 1.432253521126760631e+02
2.288356164383561620e+01 1.415136986301369859e+02 1.362020547945205351e+02
4.460000000000000142e+01 1.490999999999999943e+02 1.414000000000000057e+02
4.619298245614034926e+01 1.470877192982456165e+02 1.486491228070175339e+02
3.761666666666666714e+01 1.483916666666666799e+02 1.449499999999999886e+02
3.566326530612244738e+01 1.487142857142857224e+02 1.433979591836734642e+02
8.744444444444444287e+01 1.442222222222222285e+02 1.594444444444444571e+02
9.912775330396475226e+01 1.420440528634361215e+02 1.717048458149779719e+02
4.585436893203883812e+01 1.298592233009708821e+02 1.224902912621359263e+02
4.497959183673469141e+01 1.310816326530612344e+02 1.319387755102040956e+02
3.312666666666666515e+01 1.293266666666666538e+02 1.253199999999999932e+02
8.970833333333332860e+01 1.448750000000000000e+02 1.552916666666666572e+02
9.304166666666667140e+01 1.452083333333333428e+02 1.562916666666666572e+02
1.000666666666666629e+02 1.454666666666666686e+02 1.578666666666666742e+02
5.622727272727272663e+01 1.300000000000000000e+02 1.293636363636363740e+02
3.959459459459459651e+01 1.447117117117117004e+02 1.458558558558558502e+02
9.191208791208791240e+01 1.408186813186813140e+02 1.689615384615384528e+02
2.109090909090908994e+01 1.288855799373040725e+02 1.222115987460815063e+02
4.067078189300411850e+01 1.310370370370370381e+02 1.149958847736625529e+02
4.740645161290322562e+01 1.322967741935483730e+02 1.128193548387096712e+02
4.831372549019607732e+01 1.300784313725490335e+02 1.315294117647058840e+02
5.602564102564102910e+01 1.310000000000000000e+02 1.175384615384615330e+02
3.251559251559251607e+01 1.314677754677754820e+02 1.186465696465696453e+02
5.117796610169491345e+01 1.325169491525423666e+02 1.118813559322033910e+02
5.454166666666666430e+01 1.328854166666666572e+02 1.114375000000000000e+02
5.978125000000000000e+01 1.300937500000000000e+02 1.199687500000000000e+02
6.370967741935483986e+01 1.306129032258064626e+02 1.207096774193548328e+02
5.937037037037037379e+01 1.290370370370370381e+02 1.270740740740740762e+02
6.250769230769230944e+01 1.331384615384615415e+02 1.115999999999999943e+02
6.311764705882352899e+01 1.297058823529411882e+02 1.275882352941176521e+02
1.013563218390804650e+02 1.325344827586206975e+02 1.528275862068965409e+02
6.633333333333332860e+01 1.301999999999999886e+02 1.320666666666666629e+02
7.200000000000000000e+01 1.300000000000000000e+02 1.313000000000000114e+02
7.490909090909090651e+01 1.318181818181818130e+02 1.271818181818181870e+02
7.920888888888889312e+01 1.274955555555555549e+02 1.590733333333333235e+02
8.504807692307691980e+01 1.280432692307692264e+02 1.599663461538461604e+02
1.619753086419753174e+02 1.334444444444444571e+02 1.450000000000000000e+02
1.585600000000000023e+02 1.332800000000000011e+02 1.511200000000000045e+02
9.020347394540942787e+01 1.289503722084367325e+02 1.605037220843672401e+02
1.490833333333333428e+02 1.339166666666666572e+02 1.535833333333333428e+02
1.228181818181818130e+02 1.329696969696969688e+02 1.525454545454545325e+02
1.405185185185185048e+02 1.350000000000000000e+02 1.542962962962963047e+02
1.440000000000000000e+02 1.400000000000000000e+02 1.560000000000000000e+02
7.105116279069767415e+01 1.295953488372093148e+02 1.440976744186046403e+02
1.670999999999999943e+02 1.343000000000000114e+02 1.545000000000000000e+02
5.460677083333333570e+01 1.286927083333333428e+02 1.439765625000000000e+02
7.329999999999999716e+01 1.313000000000000114e+02 1.290999999999999943e+02
1.055000000000000000e+02 1.335000000000000000e+02 1.315000000000000000e+02
1.110000000000000000e+02 1.336666666666666572e+02 1.310000000000000000e+02
9.500000000000000000e+01 1.345000000000000000e+02 1.310000000000000000e+02
1.310000000000000000e+02 1.340000000000000000e+02 1.330000000000000000e+02
7.333333333333332860e+01 1.336666666666666572e+02 1.330000000000000000e+02
8.708426966292134352e+01 1.318792134831460601e+02 1.569325842696629252e+02
1.537777777777777715e+02 1.341111111111111143e+02 1.532777777777777715e+02
