4.976075918762089145e+01 1.251309840425531945e+02 1.494067335589942047e+02
3.890201096892138821e+01 1.242712248628884879e+02 1.448255210237659867e+02
3.131493975903614313e+01 1.244596787148594359e+02 1.408171084337349441e+02
1.376313258805144812e+01 1.278736626998437345e+02 1.299602115638898852e+02
2.146994182288299768e+01 1.262110074799150397e+02 1.350743374272786070e+02
1.366269667396933016e+02 1.367472117108145824e+02 1.636644592710615314e+02
1.378248337028824722e+02 1.331618625277161811e+02 1.411197339246119782e+02
9.336699857752489606e+01 1.314689426268373609e+02 1.584499762920815442e+02
1.491393567251462002e+02 1.367869005847953190e+02 1.651419883040935588e+02
1.532933693848706582e+02 1.367873164136913999e+02 1.655920850488539315e+02
1.704017094017094109e+02 1.382222222222222285e+02 1.802927350427350461e+02
8.649050632911392711e+01 1.396012658227847965e+02 1.663750000000000000e+02
1.539490835030549931e+02 1.391384928716904312e+02 1.790081466395112102e+02
1.427376425855513276e+02 1.397908745247148374e+02 1.774524714828897345e+02
1.294587912087912116e+02 1.403118131868131968e+02 1.753804945054945108e+02
1.018641304347826093e+02 1.409497282608695627e+02 1.708043478260869676e+02
1.644306122448979579e+02 1.382938775510204152e+02 1.796632653061224403e+02
1.108515625000000000e+02 1.409960937500000000e+02 1.727513020833333428e+02
2.027790123456790070e+02 1.345641975308641918e+02 1.418308641975308717e+02
1.746323987538940798e+02 1.336573208722741413e+02 1.424299065420560737e+02
1.208731034482758560e+02 1.404303448275861967e+02 1.738358620689655254e+02
2.351562500000000000e+02 1.292187500000000000e+02 1.416406250000000000e+02
2.375377073906485847e+01 1.296383861236802488e+02 1.216123680241327349e+02
5.953846153846154010e+01 1.481538461538461604e+02 1.384615384615384528e+02
6.903448275862068328e+01 1.510689655172413666e+02 1.408275862068965409e+02
5.845736434108527391e+01 1.299379844961240451e+02 1.231395348837209269e+02
