5.853388856086267111e+01 1.258803256782373552e+02 1.302756145312160072e+02 4.933052825156342691e-01 5.347636308929630822e-01
1.303641663427905257e+02 1.270198212203653299e+02 1.255262339681305832e+02 4.989952432626354462e-01 4.422550013136651859e-01
1.619006024096385659e+02 1.275918674698795172e+02 1.447063253012048278e+02 4.481094857600876891e-01 3.457052509101835036e-01
2.482237053516252558e+02 1.278005190952910652e+02 1.287434598113129880e+02 5.138254537587113591e-01 4.351662867078093244e-01
1.421782334384857904e+02 1.260394321766561490e+02 1.413864353312302740e+02 5.131921535707024695e-01 2.967658244641643850e-01
2.102222222222222285e+02 1.243179012345678984e+02 1.555092592592592666e+02 4.988449988449994432e-01 2.651244182916039915e-01
2.360428134556574946e+02 1.129531090723751277e+02 1.824413863404689096e+02 4.523853422935990576e-01 9.521214603954825106e-01
1.964048780487804891e+02 1.161365853658536622e+02 1.704048780487804891e+02 5.107347497591401275e-01 7.337132436744916442e-01
1.939230769230769340e+02 1.105692307692307708e+02 1.744564102564102654e+02 5.513300282531051755e-01 8.664430066299205757e-01
1.988796296296296191e+02 1.109768518518518476e+02 1.756250000000000000e+02 5.220990220990221475e-01 8.991721472251045233e-01
1.790463576158940384e+02 1.104503311258278160e+02 1.716887417218543135e+02 5.770538750671204697e-01 8.778238534381368474e-01
1.629315068493150704e+02 1.115684931506849296e+02 1.677945205479452113e+02 5.488423091162815126e-01 9.002688516195106461e-01
2.055120772946859802e+02 1.173671497584541044e+02 1.703671497584541044e+02 4.628642019946369035e-01 7.693801074540596030e-01
1.532323943661971839e+02 1.124014084507042242e+02 1.649436619718309771e+02 5.323270182425111630e-01 8.825413540432611725e-01
1.713712121212121247e+02 1.112878787878787818e+02 1.694242424242424363e+02 5.583853083853085320e-01 8.906589257056538589e-01
1.153057019645424077e+02 1.264039290848107271e+02 1.300057498802108285e+02 4.975618794497565500e-01 5.123722435429541866e-01
1.411818181818181870e+02 1.117909090909090963e+02 1.622181818181818187e+02 4.297864297864300021e-01 9.062305295950144890e-01
1.572287581699346504e+02 1.122418300653594798e+02 1.663856209150326890e+02 5.384751267104207484e-01 9.117138028627854718e-01
1.288646616541353467e+02 1.135112781954887282e+02 1.581729323308270807e+02 4.731683679052099967e-01 9.227508022392417741e-01
1.291608391608391742e+02 1.190209790209790270e+02 1.545244755244755197e+02 5.188782111859037149e-01 7.349410713896684655e-01
9.718918918918919303e+01 1.146546546546546494e+02 1.475825825825825746e+02 5.048915859726670341e-01 9.265153003470748549e-01
2.327275862068965466e+02 1.235620689655172413e+02 1.538000000000000114e+02 4.919922575094992090e-01 2.981630679987104515e-01
1.528629807692307736e+02 1.274463141025641022e+02 1.191858974358974308e+02 4.870945279599125377e-01 4.336508507069242735e-01
1.341359613837489917e+02 1.272445695897023370e+02 1.242131938857602620e+02 4.979812103705916759e-01 4.253689821881025956e-01
1.591255138394080575e+02 1.274203891477117025e+02 1.188695533022745963e+02 4.844866790605349416e-01 4.386308202050829275e-01
2.007407407407407334e+02 1.177248677248677211e+02 1.695079365079365061e+02 4.782364782364783018e-01 7.243567555094023724e-01
2.447082228116710780e+02 1.215968169761273145e+02 1.501114058355437635e+02 5.388199870958491067e-01 3.812109042531211522e-01
1.223852941176470637e+02 1.355999999999999943e+02 1.450382352941176407e+02 4.471872324813499500e-01 2.336173721825174354e-01
1.278250000000000028e+02 1.367750000000000057e+02 1.430687499999999943e+02 4.554833679833680260e-01 2.555393302180679060e-01
1.440358306188925042e+02 1.365895765472312746e+02 1.386970684039087871e+02 4.313150534648904078e-01 3.130891858707002262e-01
1.352791411042944674e+02 1.362638036809815958e+02 1.397208588957055326e+02 4.707090289912373993e-01 3.338111346826434511e-01
1.501729559748427789e+02 1.356635220125786248e+02 1.381855345911949655e+02 4.667555799631273872e-01 3.291502576461126650e-01
2.406422018348623908e+02 1.170550458715596278e+02 1.665137614678899070e+02 5.852486219458696848e-01 7.764726056760681283e-01
1.824978540772532085e+02 1.270379113018597934e+02 1.219399141630901227e+02 4.768647815858116923e-01 4.594012808685306593e-01
1.227943262411347547e+02 1.132765957446808471e+02 1.568439716312056760e+02 5.275652084162724131e-01 9.238417180353930558e-01
1.171610738255033510e+02 1.131744966442953029e+02 1.555906040268456252e+02 5.296990330547378667e-01 9.371092851617204289e-01
