5.854412586110593963e+01 1.258783590889344026e+02 1.302802705889654362e+02
1.303651903651903581e+02 1.270194250194250145e+02 1.255291375291375289e+02
1.619731343283582135e+02 1.276164179104477654e+02 1.446910447761194121e+02
2.482237053516252558e+02 1.278005190952910652e+02 1.287434598113129880e+02
1.413220338983050794e+02 1.260416024653312803e+02 1.412742681047765814e+02
2.102484662576687242e+02 1.243220858895705589e+02 1.555368098159509316e+02
2.360428134556574946e+02 1.129531090723751277e+02 1.824413863404689096e+02
1.964048780487804891e+02 1.161365853658536622e+02 1.704048780487804891e+02
1.939230769230769340e+02 1.105692307692307708e+02 1.744564102564102654e+02
1.151450454763044462e+02 1.263867879368118707e+02 1.300976543800861691e+02
1.950639534883721069e+02 1.196104651162790731e+02 1.648313953488372192e+02
1.790463576158940384e+02 1.104503311258278160e+02 1.716887417218543135e+02
1.629315068493150704e+02 1.115684931506849296e+02 1.677945205479452113e+02
2.054809523809523739e+02 1.173095238095238102e+02 1.704333333333333371e+02
1.532323943661971839e+02 1.124014084507042242e+02 1.649436619718309771e+02
1.713712121212121247e+02 1.112878787878787818e+02 1.694242424242424363e+02
1.411171171171171181e+02 1.117657657657657637e+02 1.621981981981981846e+02
1.288646616541353467e+02 1.135112781954887282e+02 1.581729323308270807e+02
1.292413793103448256e+02 1.190620689655172413e+02 1.544689655172413723e+02
9.711799410029497892e+01 1.147404129793510350e+02 1.474365781710914405e+02
2.327275862068965466e+02 1.235620689655172413e+02 1.538000000000000114e+02
1.528619492656875707e+02 1.274467289719626137e+02 1.191877169559412550e+02
1.341422829581993597e+02 1.272435691318327997e+02 1.242138263665594877e+02
1.591218510405257405e+02 1.274192223439211347e+02 1.188743154435925504e+02
2.008181818181818130e+02 1.177058823529411740e+02 1.695347593582887669e+02
1.708489666136725020e+02 1.271478537360890329e+02 1.410524642289348094e+02
2.275934426229508176e+02 1.245770491803278759e+02 1.480918032786885306e+02
2.447082228116710780e+02 1.215968169761273145e+02 1.501114058355437635e+02
1.224558404558404590e+02 1.356894586894586894e+02 1.446524216524216513e+02
1.278250000000000028e+02 1.367750000000000057e+02 1.430687499999999943e+02
1.440551948051948159e+02 1.365746753246753258e+02 1.386883116883116998e+02
1.352791411042944674e+02 1.362638036809815958e+02 1.397208588957055326e+02
2.174197952218430032e+02 1.250580204778157025e+02 1.526109215017064855e+02
1.501729559748427789e+02 1.356635220125786248e+02 1.381855345911949655e+02
2.406422018348623908e+02 1.170550458715596278e+02 1.665137614678899070e+02
2.455118110236220446e+02 1.234803149606299257e+02 1.432729658792650866e+02
1.825032211882605679e+02 1.270365068002863325e+02 1.219413027916964865e+02
1.225684931506849296e+02 1.135068493150684930e+02 1.565753424657534367e+02
1.171610738255033510e+02 1.131744966442953029e+02 1.555906040268456252e+02
