5.866485991297045643e+01 1.256645545461485654e+02 1.303842278036491393e+02
6.312407982987076593e+01 1.256827253394405375e+02 1.305535743497464409e+02
6.513579911159459357e+01 1.256264164626960422e+02 1.306364790136886995e+02
5.663145470640306911e+01 1.255958247270581296e+02 1.303121127176158041e+02
7.030569320559409618e+01 1.255824248430789538e+02 1.307787688580552867e+02
1.032028353326063268e+02 1.260567066521264934e+02 1.312148309705561644e+02
1.350869565217391255e+02 1.260621118012422386e+02 1.420434782608695627e+02
1.601770334928229715e+02 1.292248803827751260e+02 1.459760765550239228e+02
1.828117647058823536e+02 1.228117647058823536e+02 1.512823529411764696e+02
2.028382352941176521e+02 1.221176470588235361e+02 1.521911764705882320e+02
1.993541666666666572e+02 1.208333333333333286e+02 1.557916666666666572e+02
1.925555555555555429e+02 1.218611111111111143e+02 1.546250000000000000e+02
1.677619047619047592e+02 1.222142857142857082e+02 1.566666666666666572e+02
1.509473684210526301e+02 1.173684210526315752e+02 1.540526315789473699e+02
1.378333333333333428e+02 1.199583333333333286e+02 1.505000000000000000e+02
1.220526315789473699e+02 1.186842105263157947e+02 1.482631578947368496e+02
1.084444444444444429e+02 1.183333333333333286e+02 1.467777777777777715e+02
9.279166666666667140e+01 1.180833333333333286e+02 1.420138888888888857e+02
8.336318407960199295e+01 1.179502487562189117e+02 1.412786069651741343e+02
1.164210526315789451e+02 1.265222672064777356e+02 1.394372469635627567e+02
1.526503496503496535e+02 1.259790209790209730e+02 1.421048951048950926e+02
2.065873015873015959e+02 1.222857142857142918e+02 1.531428571428571388e+02
2.124838709677419217e+02 1.200967741935483843e+02 1.577419354838709751e+02
2.047750000000000057e+02 1.198250000000000028e+02 1.664250000000000114e+02
1.956304347826086882e+02 1.191086956521739069e+02 1.670652173913043441e+02
1.907800000000000011e+02 1.112800000000000011e+02 1.739799999999999898e+02
1.820652173913043441e+02 1.103913043478260931e+02 1.715000000000000000e+02
1.884545454545454675e+02 1.100227272727272663e+02 1.736136363636363740e+02
1.958400000000000034e+02 1.120400000000000063e+02 1.740200000000000102e+02
2.050000000000000000e+02 1.065999999999999943e+02 1.670666666666666629e+02
2.110000000000000000e+02 1.055000000000000000e+02 1.671666666666666572e+02
1.976875000000000000e+02 1.068750000000000000e+02 1.676250000000000000e+02
1.923333333333333428e+02 1.080000000000000000e+02 1.673333333333333428e+02
1.863000000000000114e+02 1.095000000000000000e+02 1.633000000000000114e+02
1.864285714285714164e+02 1.111428571428571388e+02 1.602857142857142776e+02
1.724772727272727195e+02 1.213863636363636402e+02 1.541590909090909065e+02
1.611999999999999886e+02 1.188666666666666600e+02 1.525000000000000000e+02
1.582352941176470722e+02 1.224117647058823479e+02 1.554705882352941160e+02
1.839250000000000114e+02 1.199249999999999972e+02 1.622249999999999943e+02
1.480000000000000000e+02 1.210000000000000000e+02 1.516296296296296191e+02
1.349285714285714164e+02 1.200000000000000000e+02 1.455000000000000000e+02
1.350000000000000000e+02 1.173750000000000000e+02 1.446250000000000000e+02
1.375999999999999943e+02 1.170999999999999943e+02 1.445000000000000000e+02
1.418750000000000000e+02 1.161250000000000000e+02 1.455000000000000000e+02
1.491428571428571388e+02 1.165000000000000000e+02 1.509285714285714164e+02
1.936912751677852214e+02 1.252751677852348990e+02 1.432818791946308750e+02
1.803220338983050794e+02 1.260000000000000000e+02 1.425677966101694949e+02
1.244146341463414700e+02 1.264975609756097583e+02 1.405219512195122036e+02
1.442590673575129472e+02 1.260259067357512919e+02 1.414611398963730551e+02
1.861120689655172384e+02 1.252672413793103487e+02 1.449913793103448256e+02
1.855930232558139608e+02 1.223604651162790731e+02 1.511162790697674438e+02
2.150735294117646959e+02 1.262205882352941160e+02 1.567647058823529278e+02
2.068653846153846132e+02 1.266923076923076934e+02 1.563461538461538396e+02
2.036875000000000000e+02 1.272500000000000000e+02 1.574583333333333428e+02
2.009696969696969688e+02 1.177878787878787818e+02 1.722121212121212182e+02
2.213287671232876619e+02 1.113493150684931550e+02 1.810000000000000000e+02
2.378690807799442837e+02 1.125905292479108653e+02 1.834930362116991773e+02
1.744857142857142946e+02 1.193428571428571416e+02 1.644857142857142946e+02
1.600277777777777715e+02 1.231944444444444429e+02 1.561944444444444571e+02
1.526470588235294201e+02 1.253529411764705941e+02 1.583529411764705799e+02
1.216435185185185190e+02 1.267962962962962905e+02 1.402175925925925810e+02
1.228833333333333400e+02 1.243666666666666600e+02 1.483166666666666629e+02
2.073513513513513544e+02 1.204324324324324351e+02 1.588648648648648702e+02
1.315999999999999943e+02 1.239500000000000028e+02 1.500500000000000114e+02
1.945909090909090935e+02 1.195681818181818130e+02 1.642045454545454675e+02
1.908888888888888857e+02 1.200833333333333286e+02 1.620277777777777715e+02
1.737099236641221296e+02 1.263053435114503884e+02 1.430458015267175540e+02
1.637142857142857224e+02 1.223095238095238102e+02 1.482380952380952408e+02
1.289655172413793025e+02 1.264597701149425291e+02 1.405344827586206975e+02
1.878740740740740875e+02 1.255703703703703695e+02 1.432592592592592666e+02
1.876521739130434696e+02 1.213768115942029056e+02 1.531594202898550634e+02
1.844591836734693970e+02 1.238877551020408134e+02 1.475306122448979522e+02
1.987692307692307736e+02 1.253846153846153868e+02 1.722307692307692264e+02
2.100476190476190368e+02 1.170952380952381020e+02 1.729523809523809632e+02
1.900909090909090935e+02 1.227272727272727337e+02 1.719090909090909065e+02
1.711428571428571388e+02 1.251428571428571388e+02 1.662857142857142776e+02
1.978000000000000114e+02 1.075999999999999943e+02 1.656999999999999886e+02
1.965000000000000000e+02 1.110000000000000000e+02 1.620000000000000000e+02
1.597931034482758719e+02 1.197586206896551744e+02 1.567931034482758719e+02
2.001538461538461604e+02 1.171025641025641022e+02 1.693589743589743648e+02
1.010402116402116377e+02 1.261216931216931272e+02 1.310412698412698376e+02
2.181044776119402968e+02 1.258059701492537243e+02 1.584477611940298516e+02
2.096666666666666572e+02 1.255000000000000000e+02 1.708333333333333428e+02
2.055714285714285836e+02 1.228571428571428612e+02 1.721428571428571388e+02
1.790000000000000000e+02 1.240000000000000000e+02 1.700000000000000000e+02
1.640000000000000000e+02 1.265000000000000000e+02 1.645000000000000000e+02
1.482142857142857224e+02 1.254285714285714306e+02 1.590000000000000000e+02
2.048000000000000114e+02 1.110000000000000000e+02 1.614000000000000057e+02
1.960000000000000000e+02 1.140000000000000000e+02 1.560000000000000000e+02
1.794000000000000057e+02 1.144000000000000057e+02 1.561999999999999886e+02
2.109583333333333428e+02 1.162708333333333286e+02 1.711041666666666572e+02
2.188985507246376869e+02 1.151449275362318900e+02 1.740144927536231876e+02
1.827802197802197668e+02 1.235604395604395620e+02 1.488681318681318544e+02
1.928333333333333428e+02 1.257222222222222285e+02 1.514444444444444571e+02
1.897866666666666617e+02 1.215866666666666731e+02 1.530000000000000000e+02
2.144285714285714164e+02 1.251428571428571388e+02 1.691428571428571388e+02
2.146666666666666572e+02 1.233333333333333286e+02 1.738333333333333428e+02
1.408421052631578902e+02 1.238947368421052602e+02 1.557894736842105203e+02
1.788648648648648702e+02 1.234729729729729684e+02 1.494594594594594525e+02
1.668000000000000114e+02 1.104500000000000028e+02 1.658499999999999943e+02
1.721111111111111143e+02 1.111111111111111143e+02 1.701944444444444571e+02
2.032500000000000000e+02 1.120000000000000000e+02 1.597500000000000000e+02
1.874285714285714164e+02 1.124285714285714306e+02 1.588571428571428612e+02
1.622682926829268411e+02 1.276975609756097612e+02 1.443463414634146318e+02
1.688085106382978609e+02 1.263404255319148888e+02 1.427872340425531945e+02
2.084375000000000000e+02 1.182500000000000000e+02 1.694791666666666572e+02
1.975263157894736707e+02 1.215438596491228083e+02 1.545789473684210407e+02
1.979104477611940354e+02 1.248283582089552226e+02 1.437761194029850742e+02
1.969285714285714164e+02 1.199285714285714306e+02 1.744285714285714164e+02
1.870000000000000000e+02 1.213846153846153868e+02 1.727692307692307736e+02
1.577500000000000000e+02 1.270000000000000000e+02 1.620000000000000000e+02
1.290000000000000000e+02 1.166896551724137936e+02 1.584137931034482847e+02
1.429166666666666572e+02 1.220833333333333286e+02 1.499166666666666572e+02
1.611666666666666572e+02 1.121666666666666714e+02 1.571666666666666572e+02
1.521764705882353041e+02 1.098823529411764639e+02 1.654117647058823479e+02
1.586666666666666572e+02 1.103030303030302974e+02 1.665757575757575637e+02
1.790000000000000000e+02 1.087500000000000000e+02 1.632500000000000000e+02
2.005593220338982974e+02 1.247627118644067821e+02 1.440000000000000000e+02
2.113055555555555429e+02 1.178611111111111143e+02 1.674166666666666572e+02
2.204929577464788792e+02 1.141971830985915517e+02 1.762253521126760631e+02
2.034795918367346985e+02 1.246428571428571388e+02 1.461224489795918373e+02
1.870000000000000000e+02 1.281944444444444571e+02 1.546666666666666572e+02
1.775749999999999886e+02 1.286250000000000000e+02 1.515749999999999886e+02
2.035000000000000000e+02 1.211666666666666714e+02 1.770833333333333428e+02
1.220214723926380316e+02 1.263113496932515289e+02 1.291058282208588821e+02
1.168632619439868137e+02 1.263657331136738122e+02 1.295799011532125178e+02
1.551515151515151558e+02 1.222424242424242493e+02 1.487272727272727195e+02
1.422941176470588118e+02 1.241176470588235361e+02 1.524705882352941160e+02
1.427096774193548470e+02 1.101935483870967687e+02 1.628709677419354875e+02
1.640000000000000000e+02 1.115000000000000000e+02 1.576666666666666572e+02
2.135909090909090935e+02 1.247012987012986969e+02 1.405389610389610482e+02
2.054199999999999875e+02 1.247900000000000063e+02 1.454399999999999977e+02
2.190666666666666629e+02 1.173333333333333286e+02 1.639333333333333371e+02
2.292121212121212182e+02 1.151515151515151558e+02 1.710303030303030312e+02
1.923541666666666572e+02 1.271458333333333286e+02 1.552083333333333428e+02
1.660307692307692378e+02 1.289230769230769340e+02 1.517692307692307736e+02
2.043571428571428612e+02 1.257142857142857082e+02 1.752857142857142776e+02
1.710000000000000000e+02 1.286666666666666572e+02 1.633333333333333428e+02
1.313690773067331747e+02 1.261521197007481305e+02 1.302942643391521074e+02
1.331999999999999886e+02 1.145999999999999943e+02 1.518000000000000114e+02
1.280303030303030312e+02 1.139393939393939377e+02 1.577575757575757507e+02
1.415555555555555429e+02 1.141111111111111143e+02 1.531111111111111143e+02
2.087894736842105203e+02 1.249385964912280684e+02 1.414385964912280826e+02
2.112758620689655231e+02 1.227068965517241423e+02 1.483275862068965409e+02
2.091999999999999886e+02 1.219333333333333371e+02 1.524499999999999886e+02
1.820000000000000000e+02 1.280789473684210407e+02 1.539210526315789593e+02
1.910000000000000000e+02 1.252857142857142918e+02 1.662857142857142776e+02
1.799285714285714164e+02 1.313928571428571388e+02 1.588214285714285836e+02
1.241304347826087024e+02 1.264062500000000000e+02 1.281997282608695627e+02
1.779285714285714164e+02 1.215357142857142918e+02 1.591071428571428612e+02
1.761666666666666572e+02 1.208666666666666600e+02 1.621333333333333258e+02
1.559565217391304373e+02 1.201304347826087024e+02 1.609565217391304373e+02
1.139148936170212778e+02 1.135531914893617085e+02 1.533617021276595835e+02
1.177272727272727337e+02 1.163636363636363598e+02 1.476363636363636260e+02
1.142698412698412653e+02 1.263492063492063551e+02 1.388571428571428612e+02
1.503358208955223745e+02 1.259402985074626855e+02 1.423955223880597032e+02
2.187142857142857224e+02 1.210000000000000000e+02 1.577500000000000000e+02
2.210952380952381020e+02 1.189047619047618980e+02 1.604761904761904816e+02
2.268888888888888857e+02 1.178888888888888857e+02 1.612222222222222285e+02
2.113571428571428612e+02 1.187142857142857082e+02 1.615000000000000000e+02
2.505052956751985960e+02 1.278529189257344569e+02 1.285926743159752732e+02
1.550000000000000000e+02 1.224814814814814810e+02 1.532222222222222285e+02
1.941904761904762040e+02 1.272380952380952408e+02 1.565000000000000000e+02
1.482861952861952943e+02 1.260404040404040416e+02 1.293905723905724017e+02
1.393048433048433026e+02 1.260170940170940241e+02 1.282934472934472865e+02
1.362714453584018770e+02 1.274606345475910700e+02 1.227309048178613438e+02
1.429395017793594320e+02 1.260569395017793539e+02 1.290782918149466241e+02
1.888648648648648702e+02 1.201621621621621614e+02 1.613243243243243228e+02
7.867052023121387094e+01 1.195838150289017392e+02 1.395953757225433662e+02
2.126403361344537757e+02 1.265655462184873983e+02 1.285000000000000000e+02
1.978051689860834870e+02 1.264731610337972114e+02 1.295427435387673825e+02
1.612183406113537103e+02 1.262052401746724826e+02 1.300131004366812135e+02
1.575128205128205252e+02 1.262735042735042725e+02 1.301495726495726615e+02
1.497067575945443139e+02 1.274525728456292626e+02 1.190167389956602619e+02
1.524814814814814952e+02 1.170370370370370381e+02 1.642592592592592666e+02
1.779921875000000000e+02 1.263515625000000000e+02 1.428671875000000000e+02
2.034128440366972370e+02 1.256513761467889907e+02 1.402660550458715534e+02
1.919822485207100726e+02 1.265088757396449637e+02 1.392485207100591822e+02
1.987818181818181813e+02 1.221818181818181870e+02 1.530181818181818301e+02
1.789937106918239067e+02 1.284842767295597525e+02 1.354402515723270426e+02
2.092222222222222285e+02 1.264444444444444429e+02 1.745555555555555429e+02
1.746060606060605949e+02 1.272878787878787818e+02 1.395606060606060623e+02
1.696891891891891930e+02 1.266036036036036023e+02 1.294009009009008935e+02
1.646425339366515743e+02 1.264524886877828038e+02 1.297149321266968229e+02
1.577209705372617066e+02 1.274055459272097011e+02 1.186112073945696181e+02
2.006842105263157805e+02 1.186842105263157947e+02 1.675526315789473699e+02
1.511176470588235361e+02 1.204117647058823479e+02 1.599411764705882320e+02
1.283157894736842195e+02 1.211052631578947398e+02 1.572105263157894797e+02
2.029436619718309771e+02 1.230704225352112644e+02 1.498028169014084483e+02
1.844212962962963047e+02 1.278703703703703667e+02 1.342824074074074190e+02
1.863127962085308127e+02 1.278625592417061654e+02 1.349715639810426637e+02
2.080588235294117680e+02 1.242058823529411740e+02 1.606764705882353041e+02
2.178333333333333428e+02 1.260000000000000000e+02 1.738333333333333428e+02
1.954444444444444571e+02 1.263333333333333286e+02 1.705555555555555429e+02
1.905789473684210407e+02 1.267368421052631646e+02 1.616842105263157805e+02
1.826537313432835958e+02 1.264059701492537329e+02 1.281970149253731392e+02
1.739264069264069406e+02 1.265627705627705666e+02 1.293896103896103966e+02
1.671064814814814952e+02 1.265740740740740762e+02 1.293333333333333428e+02
1.631001939237233387e+02 1.273768584356819673e+02 1.183820297349709136e+02
1.379161290322580555e+02 1.259612903225806519e+02 1.410774193548386961e+02
1.716926406926406798e+02 1.265974025974025921e+02 1.293593073593073655e+02
1.690378037803780273e+02 1.274941494149414893e+02 1.181116111611161159e+02
2.230588235294117680e+02 1.241911764705882320e+02 1.459558823529411882e+02
1.874438202247191043e+02 1.264775280898876417e+02 1.393876404494382086e+02
2.200000000000000000e+02 1.263333333333333286e+02 1.766666666666666572e+02
1.899506493506493428e+02 1.263714285714285666e+02 1.277168831168831105e+02
1.371642228739002860e+02 1.260674486803519017e+02 1.292815249266862168e+02
2.217500000000000000e+02 1.266875000000000000e+02 1.650625000000000000e+02
1.602539496781743651e+02 1.273914569923932163e+02 1.184710356933879467e+02
1.850858725761772803e+02 1.263185595567867097e+02 1.280609418282548404e+02
2.161034482758620641e+02 1.261206896551724128e+02 1.586379310344827616e+02
2.219285714285714164e+02 1.246428571428571388e+02 1.416632653061224403e+02
1.138534482758620641e+02 1.262413793103448256e+02 1.300327586206896626e+02
1.739506172839506064e+02 1.270740740740740762e+02 1.240802469135802539e+02
1.709449541284403722e+02 1.289541284403669863e+02 1.341467889908256836e+02
1.775338345864661562e+02 1.264887218045112718e+02 1.294624060150376010e+02
2.275901639344262435e+02 1.236229508196721270e+02 1.462459016393442539e+02
1.915143540669856463e+02 1.263444976076554980e+02 1.255287081339712927e+02
2.348775510204081627e+02 1.242857142857142918e+02 1.486938775510204209e+02
2.314193548387096655e+02 1.243870967741935516e+02 1.545268817204301115e+02
1.850297029702970235e+02 1.270330033003300372e+02 1.189306930693069262e+02
1.959873417721518933e+02 1.265822784810126649e+02 1.220108499095840813e+02
2.228000000000000114e+02 1.213199999999999932e+02 1.549199999999999875e+02
7.034488734835355217e+01 1.322582322357019109e+02 1.271473136915078044e+02
1.989879310344827559e+02 1.265965517241379246e+02 1.233224137931034505e+02
7.408817204301075776e+01 1.325870967741935544e+02 1.271612903225806406e+02
2.032360902255639132e+02 1.264827067669172891e+02 1.259383458646616560e+02
1.882048192771084416e+02 1.270391566265060277e+02 1.195542168674698758e+02
1.325622171945701382e+02 1.273382352941176521e+02 1.234321266968325830e+02
2.246222222222222342e+02 1.250000000000000000e+02 1.519333333333333371e+02
2.472074074074074019e+02 1.214962962962962933e+02 1.478000000000000114e+02
1.259810126582278542e+02 1.254620253164556942e+02 1.371455696202531556e+02
1.757162162162162247e+02 1.286081081081080981e+02 1.362905405405405475e+02
1.464888888888888800e+02 1.374888888888888800e+02 1.392333333333333201e+02
1.336999999999999886e+02 1.361285714285714334e+02 1.393000000000000114e+02
1.404137931034482847e+02 1.369655172413793025e+02 1.405000000000000000e+02
1.456896551724137794e+02 1.317586206896551744e+02 1.511724137931034591e+02
1.506285714285714334e+02 1.385142857142857054e+02 1.464857142857142946e+02
1.828773584905660243e+02 1.257452830188679229e+02 1.444056603773584868e+02
1.330810810810810949e+02 1.262756756756756715e+02 1.415837837837837867e+02
1.021382978723404307e+02 1.355744680851063890e+02 1.448085106382978609e+02
1.080175438596491233e+02 1.362105263157894797e+02 1.397368421052631504e+02
1.160156250000000000e+02 1.363593750000000000e+02 1.466718750000000000e+02
1.251529411764705912e+02 1.372823529411764696e+02 1.472117647058823593e+02
1.314642857142857224e+02 1.340714285714285836e+02 1.490357142857142776e+02
1.347599999999999909e+02 1.334000000000000057e+02 1.504399999999999977e+02
1.561052631578947398e+02 1.348947368421052602e+02 1.550000000000000000e+02
8.755194805194804530e+01 1.314025974025973937e+02 1.377792207792207932e+02
9.873033707865168651e+01 1.348764044943820295e+02 1.446404494382022392e+02
1.455999999999999943e+02 1.351333333333333258e+02 1.547333333333333201e+02
1.716071428571428612e+02 1.340714285714285836e+02 1.589285714285714164e+02
2.090222222222222115e+02 1.260444444444444514e+02 1.560222222222222115e+02
1.540000000000000000e+02 1.314680851063829721e+02 1.367021276595744723e+02
1.115737704918032733e+02 1.357868852459016296e+02 1.469180327868852487e+02
1.186101694915254257e+02 1.346610169491525539e+02 1.484237288135593360e+02
1.315862068965517153e+02 1.336896551724137794e+02 1.518275862068965409e+02
1.607692307692307736e+02 1.347692307692307736e+02 1.570769230769230660e+02
1.871304347826086882e+02 1.322608695652174049e+02 1.580434782608695627e+02
2.050454545454545325e+02 1.263409090909090935e+02 1.554545454545454675e+02
1.021318681318681314e+02 1.329670329670329636e+02 1.371098901098901024e+02
9.278082191780822541e+01 1.344657534246575210e+02 1.437945205479452113e+02
1.370666666666666629e+02 1.346666666666666572e+02 1.528000000000000114e+02
1.670000000000000000e+02 1.347500000000000000e+02 1.583333333333333428e+02
1.974705882352941160e+02 1.317058823529411882e+02 1.617352941176470722e+02
2.478518518518518476e+02 1.246296296296296333e+02 1.394537037037036953e+02
2.039756097560975547e+02 1.299756097560975547e+02 1.599024390243902474e+02
1.775263157894736707e+02 1.337368421052631504e+02 1.595263157894736707e+02
1.171525423728813564e+02 1.349661016949152668e+02 1.380847457627118615e+02
1.513846153846153868e+02 1.376153846153846132e+02 1.536153846153846132e+02
1.724857142857142946e+02 1.284285714285714164e+02 1.524000000000000057e+02
1.387692307692307736e+02 1.311538461538461604e+02 1.490769230769230660e+02
1.560000000000000000e+02 1.361176470588235361e+02 1.527058823529411882e+02
2.334042553191489446e+02 1.247872340425531945e+02 1.451063829787234170e+02
8.142617449664429330e+01 1.338053691275167694e+02 1.268187919463087212e+02
1.724799999999999898e+02 1.319600000000000080e+02 1.556399999999999864e+02
9.722935779816513957e+01 1.337247706422018325e+02 1.271376146788990837e+02
2.371999999999999886e+02 1.231076923076923038e+02 1.540000000000000000e+02
1.368431372549019613e+02 1.331960784313725412e+02 1.360392156862745026e+02
1.334590163934426243e+02 1.338196721311475414e+02 1.366721311475409948e+02
1.265192307692307736e+02 1.323461538461538396e+02 1.350000000000000000e+02
1.219661016949152526e+02 1.330847457627118615e+02 1.340508474576271283e+02
1.142285714285714278e+02 1.344571428571428555e+02 1.355000000000000000e+02
1.450303030303030312e+02 1.318181818181818130e+02 1.356666666666666572e+02
1.599545454545454675e+02 1.314848484848484986e+02 1.335454545454545325e+02
1.569180327868852487e+02 1.326065573770491710e+02 1.339344262295082046e+02
1.489454545454545382e+02 1.346363636363636260e+02 1.366363636363636260e+02
1.370000000000000000e+02 1.349836065573770441e+02 1.380327868852459119e+02
1.318533333333333246e+02 1.369733333333333292e+02 1.398933333333333451e+02
1.917041420118343069e+02 1.258106508875739706e+02 1.413017751479289927e+02
1.761379310344827616e+02 1.378275862068965409e+02 1.377931034482758719e+02
1.693846153846153868e+02 1.360769230769230660e+02 1.366153846153846132e+02
1.582500000000000000e+02 1.381363636363636260e+02 1.384772727272727195e+02
1.543829787234042499e+02 1.381702127659574444e+02 1.385531914893616943e+02
1.218750000000000000e+02 1.354285714285714164e+02 1.384107142857142776e+02
1.945757575757575637e+02 1.309696969696969688e+02 1.610606060606060623e+02
1.858333333333333428e+02 1.378888888888888857e+02 1.378888888888888857e+02
1.934230769230769340e+02 1.365000000000000000e+02 1.359615384615384528e+02
2.000512820512820440e+02 1.269743589743589780e+02 1.560769230769230660e+02
1.787391304347825951e+02 1.388695652173913118e+02 1.384347826086956559e+02
9.210666666666666913e+01 1.318600000000000136e+02 1.360999999999999943e+02
2.007333333333333201e+02 1.320333333333333314e+02 1.619000000000000057e+02
1.746428571428571388e+02 1.374642857142857224e+02 1.401428571428571388e+02
1.664230769230769340e+02 1.409615384615384528e+02 1.375769230769230660e+02
2.227619047619047592e+02 1.260000000000000000e+02 1.580238095238095184e+02
1.744782608695652186e+02 1.423043478260869676e+02 1.370000000000000000e+02
1.706500000000000057e+02 1.431999999999999886e+02 1.375500000000000114e+02
1.267755102040816269e+02 1.367346938775510239e+02 1.398775510204081627e+02
2.253333333333333428e+02 1.260000000000000000e+02 1.593333333333333428e+02
1.181014492753623131e+02 1.363623188405797180e+02 1.462318840579710013e+02
2.452727272727272805e+02 1.209610389610389660e+02 1.521753246753246742e+02
2.367058823529411882e+02 1.218039215686274446e+02 1.574117647058823479e+02
2.077500000000000000e+02 1.306250000000000000e+02 1.656250000000000000e+02
2.202424242424242493e+02 1.261212121212121247e+02 1.508484848484848442e+02
1.310000000000000000e+02 1.391212121212121247e+02 1.429242424242424363e+02
2.298571428571428612e+02 1.231428571428571388e+02 1.674285714285714164e+02
2.184878048780487916e+02 1.250162601626016254e+02 1.392276422764227561e+02
1.117313432835820919e+02 1.356268656716417809e+02 1.372985074626865583e+02
2.355714285714285836e+02 1.211428571428571388e+02 1.682857142857142776e+02
2.420000000000000000e+02 1.186451612903225765e+02 1.637096774193548470e+02
2.381052631578947398e+02 1.197894736842105203e+02 1.628421052631578902e+02
1.813571428571428612e+02 1.357142857142857224e+02 1.320714285714285836e+02
1.732608695652174049e+02 1.357826086956521863e+02 1.368695652173913118e+02
1.630000000000000000e+02 1.414399999999999977e+02 1.359600000000000080e+02
1.279741267787839547e+02 1.269094437257438557e+02 1.247761966364812452e+02
1.618846153846153868e+02 1.358461538461538396e+02 1.363076923076923208e+02
1.224285714285714306e+02 1.437142857142857224e+02 1.394285714285714164e+02
1.195000000000000000e+02 1.408750000000000000e+02 1.403750000000000000e+02
1.172500000000000000e+02 1.457500000000000000e+02 1.385000000000000000e+02
1.140000000000000000e+02 1.458000000000000114e+02 1.388000000000000114e+02
1.566111111111111143e+02 1.316111111111111143e+02 1.538333333333333428e+02
1.063333333333333286e+02 1.458888888888888857e+02 1.382222222222222285e+02
9.450000000000000000e+01 1.440000000000000000e+02 1.370000000000000000e+02
1.105000000000000000e+02 1.470000000000000000e+02 1.380000000000000000e+02
1.089871794871794890e+02 1.320256410256410220e+02 1.357564102564102484e+02
1.280000000000000000e+02 1.470000000000000000e+02 1.370000000000000000e+02
7.400000000000000000e+01 1.400000000000000000e+02 1.360000000000000000e+02
9.000000000000000000e+01 1.430000000000000000e+02 1.360000000000000000e+02
1.194444444444444429e+02 1.438888888888888857e+02 1.384444444444444571e+02
1.000000000000000000e+02 1.420000000000000000e+02 1.360000000000000000e+02
1.322394366197183047e+02 1.384084507042253449e+02 1.413521126760563504e+02
1.613529411764705799e+02 1.395882352941176521e+02 1.492941176470588118e+02
1.667727272727272805e+02 1.379545454545454675e+02 1.410909090909090935e+02
6.179999999999999716e+01 1.353000000000000114e+02 1.398000000000000114e+02
1.902352941176470722e+02 1.377058823529411882e+02 1.374117647058823479e+02
1.627857142857142776e+02 1.396428571428571388e+02 1.510000000000000000e+02
1.159696969696969688e+02 1.332424242424242493e+02 1.261666666666666714e+02
1.685454545454545325e+02 1.382727272727272805e+02 1.525454545454545325e+02
1.708888888888888857e+02 1.366666666666666572e+02 1.543333333333333428e+02
1.547104945717732107e+02 1.274330518697225614e+02 1.187653799758745521e+02
1.920434782608695627e+02 1.354347826086956559e+02 1.343478260869565304e+02
1.757647058823529278e+02 1.351176470588235361e+02 1.548823529411764639e+02
1.796923076923076792e+02 1.343076923076923208e+02 1.529230769230769340e+02
1.384078624078624102e+02 1.275282555282555279e+02 1.218144963144963100e+02
1.565000000000000000e+02 1.376250000000000000e+02 1.459375000000000000e+02
1.935914221218961586e+02 1.264740406320541695e+02 1.285191873589164686e+02
2.230465116279069662e+02 1.258372093023255758e+02 1.533488372093023315e+02
1.155000000000000000e+02 1.375000000000000000e+02 1.550000000000000000e+02
1.280000000000000000e+02 1.370000000000000000e+02 1.580000000000000000e+02
1.410000000000000000e+02 1.370000000000000000e+02 1.600000000000000000e+02
1.586666666666666572e+02 1.370000000000000000e+02 1.616666666666666572e+02
1.488333333333333428e+02 1.317333333333333201e+02 1.267833333333333314e+02
1.656875000000000000e+02 1.381875000000000000e+02 1.442500000000000000e+02
1.235000000000000000e+02 1.370000000000000000e+02 1.565000000000000000e+02
1.320000000000000000e+02 1.383333333333333428e+02 1.573333333333333428e+02
1.460000000000000000e+02 1.390000000000000000e+02 1.615000000000000000e+02
1.193500761035007542e+02 1.263378995433789953e+02 1.292998477929984915e+02
1.817725947521865919e+02 1.273498542274052454e+02 1.183760932944606452e+02
1.513333333333333428e+02 1.329607843137254974e+02 1.346862745098039227e+02
1.713333333333333428e+02 1.347500000000000000e+02 1.498333333333333428e+02
1.370000000000000000e+02 1.400000000000000000e+02 1.590000000000000000e+02
1.515581395348837077e+02 1.260116279069767415e+02 1.362093023255814046e+02
1.305265060240963919e+02 1.272192771084337295e+02 1.238036144578313298e+02
1.865000000000000000e+02 1.355000000000000000e+02 1.455000000000000000e+02
1.106027397260273943e+02 1.322054794520547887e+02 1.345616438356164508e+02
2.220740740740740762e+02 1.250740740740740762e+02 1.390462962962963047e+02
1.850967741935483843e+02 1.286451612903225907e+02 1.538709677419354875e+02
1.524045287637698891e+02 1.273708690330477395e+02 1.190042839657282769e+02
1.410350877192982466e+02 1.347894736842105203e+02 1.385087719298245474e+02
1.578709677419354875e+02 1.342580645161290249e+02 1.401612903225806406e+02
1.965000000000000000e+02 1.340000000000000000e+02 1.465000000000000000e+02
5.650000000000000000e+01 1.290000000000000000e+02 1.435000000000000000e+02
1.580250000000000057e+02 1.267999999999999972e+02 1.259874999999999972e+02
1.208685714285714283e+02 1.262857142857142918e+02 1.358857142857142719e+02
8.433085501858735711e+01 1.340297397769516863e+02 1.266431226765799209e+02
8.719138755980861788e+01 1.341148325358851707e+02 1.265215311004784695e+02
1.015882352941176521e+02 1.321960784313725412e+02 1.285882352941176521e+02
2.416666666666666572e+02 1.171111111111111143e+02 1.668611111111111143e+02
2.398108108108108070e+02 1.153243243243243228e+02 1.714324324324324209e+02
2.309444444444444571e+02 1.175000000000000000e+02 1.642777777777777715e+02
2.054186046511627808e+02 1.122325581395348877e+02 1.754418604651162923e+02
1.879375000000000000e+02 1.149375000000000000e+02 1.666875000000000000e+02
1.650000000000000000e+02 1.174375000000000000e+02 1.591250000000000000e+02
2.231285714285714334e+02 1.145857142857142890e+02 1.748857142857142719e+02
1.659310344827586334e+02 1.124137931034482705e+02 1.698965517241379359e+02
2.114659090909090935e+02 1.095000000000000000e+02 1.804886363636363740e+02
1.594444444444444571e+02 1.110833333333333286e+02 1.687222222222222285e+02
2.044745762711864359e+02 1.085254237288135641e+02 1.788983050847457719e+02
1.379166666666666572e+02 1.131666666666666714e+02 1.581666666666666572e+02
1.993404255319148888e+02 1.085319148936170279e+02 1.770425531914893611e+02
1.209268292682926784e+02 1.110000000000000000e+02 1.577804878048780495e+02
1.018163265306122440e+02 1.171020408163265358e+02 1.458571428571428612e+02
1.494687500000000000e+02 1.107812500000000000e+02 1.639062500000000000e+02
1.197999999999999972e+02 1.137999999999999972e+02 1.558000000000000114e+02
1.013448275862068897e+02 1.134942528735632123e+02 1.501494252873563084e+02
1.320999999999999943e+02 1.102000000000000028e+02 1.601333333333333258e+02
1.691999999999999886e+02 1.117750000000000057e+02 1.688499999999999943e+02
1.072711864406779654e+02 1.135423728813559308e+02 1.531525423728813564e+02
9.515306122448978954e+01 1.127959183673469425e+02 1.488367346938775597e+02
2.069365079365079225e+02 1.082222222222222285e+02 1.803333333333333428e+02
8.851190476190475920e+01 1.148452380952381020e+02 1.450714285714285836e+02
1.427333333333333201e+02 1.189333333333333371e+02 1.595333333333333314e+02
9.278260869565217206e+01 1.130543478260869534e+02 1.476195652173913118e+02
1.177894736842105203e+02 1.143684210526315752e+02 1.547368421052631504e+02
1.338928571428571388e+02 1.097142857142857082e+02 1.613928571428571388e+02
1.621923076923076792e+02 1.156538461538461604e+02 1.663076923076923208e+02
1.378846153846153868e+02 1.096923076923076934e+02 1.633846153846153868e+02
1.506666666666666572e+02 1.160416666666666714e+02 1.637916666666666572e+02
1.241666666666666714e+02 1.115555555555555571e+02 1.570277777777777715e+02
9.454098360655737565e+01 1.161475409836065609e+02 1.449672131147540881e+02
1.614583333333333428e+02 1.170833333333333286e+02 1.639166666666666572e+02
1.534482758620689538e+02 1.144137931034482705e+02 1.654137931034482847e+02
1.410666666666666629e+02 1.172666666666666657e+02 1.610000000000000000e+02
1.327826086956521863e+02 1.161304347826087024e+02 1.596086956521739069e+02
2.181818181818181870e+02 1.214545454545454533e+02 1.540909090909090935e+02
6.400000000000000000e+01 1.180000000000000000e+02 1.460000000000000000e+02
1.475600000000000023e+02 1.130799999999999983e+02 1.635200000000000102e+02
6.750000000000000000e+01 1.145000000000000000e+02 1.443333333333333428e+02
7.500000000000000000e+01 1.170000000000000000e+02 1.530000000000000000e+02
9.075000000000000000e+01 1.160000000000000000e+02 1.555000000000000000e+02
1.132142857142857082e+02 1.206428571428571388e+02 1.545000000000000000e+02
9.933333333333332860e+01 1.130092592592592524e+02 1.495000000000000000e+02
1.095000000000000000e+02 1.145000000000000000e+02 1.630000000000000000e+02
1.720000000000000000e+02 1.200000000000000000e+02 1.623076923076923208e+02
1.615999999999999943e+02 1.186400000000000006e+02 1.620800000000000125e+02
2.095641025641025692e+02 1.205641025641025692e+02 1.586923076923076792e+02
1.150000000000000000e+02 1.140000000000000000e+02 1.660000000000000000e+02
1.300000000000000000e+02 1.140000000000000000e+02 1.680000000000000000e+02
1.457647058823529278e+02 1.233529411764705941e+02 1.561176470588235361e+02
2.156190476190476204e+02 1.198095238095238102e+02 1.590000000000000000e+02
1.995416666666666572e+02 1.047500000000000000e+02 1.818750000000000000e+02
1.386666666666666572e+02 1.106666666666666714e+02 1.690000000000000000e+02
1.420000000000000000e+02 1.130000000000000000e+02 1.730000000000000000e+02
2.140731707317073074e+02 1.031951219512195053e+02 1.863658536585365937e+02
1.910000000000000000e+02 1.048888888888888857e+02 1.816666666666666572e+02
1.888888888888888857e+02 1.056666666666666714e+02 1.806666666666666572e+02
1.660000000000000000e+02 1.047500000000000000e+02 1.745000000000000000e+02
1.700000000000000000e+02 1.120000000000000000e+02 1.780000000000000000e+02
2.199166666666666572e+02 1.050625000000000000e+02 1.860833333333333428e+02
1.828000000000000114e+02 1.040000000000000000e+02 1.774000000000000057e+02
1.776153846153846132e+02 1.162307692307692264e+02 1.626153846153846132e+02
2.169111111111110972e+02 1.033333333333333286e+02 1.871333333333333258e+02
2.225000000000000000e+02 1.033437500000000000e+02 1.874375000000000000e+02
1.321041666666666572e+02 1.321875000000000000e+02 1.351250000000000000e+02
1.535357142857142776e+02 1.214285714285714306e+02 1.504285714285714164e+02
2.126666666666666572e+02 1.053750000000000000e+02 1.846041666666666572e+02
1.994285714285714164e+02 1.141428571428571388e+02 1.716857142857142833e+02
1.968648648648648702e+02 1.177567567567567579e+02 1.685135135135135158e+02
1.837948717948717956e+02 1.199230769230769198e+02 1.584615384615384528e+02
1.847222222222222285e+02 1.164444444444444429e+02 1.671666666666666572e+02
2.170338983050847332e+02 1.155932203389830448e+02 1.727627118644067821e+02
2.146142857142857281e+02 1.132857142857142918e+02 1.769285714285714164e+02
1.232000000000000028e+02 1.177333333333333343e+02 1.568666666666666742e+02
1.705000000000000000e+02 1.205000000000000000e+02 1.710000000000000000e+02
1.670000000000000000e+02 1.210000000000000000e+02 1.695000000000000000e+02
7.941049382716049365e+01 1.336913580246913682e+02 1.267438271604938222e+02
1.883333333333333428e+02 1.185238095238095184e+02 1.680000000000000000e+02
1.030147058823529420e+02 1.309852941176470722e+02 1.338676470588235361e+02
1.132399999999999949e+02 1.324799999999999898e+02 1.346399999999999864e+02
9.049397590361445509e+01 1.137831325301204828e+02 1.466265060240963862e+02
1.158400000000000034e+02 1.114399999999999977e+02 1.571999999999999886e+02
1.360769230769230660e+02 1.175384615384615330e+02 1.593846153846153868e+02
1.260000000000000000e+02 1.203157894736842053e+02 1.573157894736842195e+02
1.224615384615384670e+02 1.160769230769230802e+02 1.510769230769230660e+02
1.231333333333333400e+02 1.207999999999999972e+02 1.560666666666666629e+02
