8.251831644583008085e+01 1.319652182385034962e+02 9.093988698363210688e+01
8.374627678895750194e+01 1.176549219033781384e+02 1.324119142753359881e+02
6.025153531218014535e+01 1.306640225179119739e+02 9.708853633572159936e+01
9.865592045796927323e+01 1.173624585718589941e+02 1.347313949984935277e+02
8.724380364548171940e+01 1.322408139647024825e+02 8.966939917060469156e+01
9.792000000000000171e+01 1.216933333333333280e+02 1.130933333333333337e+02
1.052248621685481709e+02 1.330303229194014136e+02 8.539341034392228380e+01
1.278699186991869965e+02 1.180081300813008198e+02 1.225691056910569046e+02
1.246243093922651894e+02 1.313733425414364717e+02 8.345428176795580555e+01
1.165299837925445701e+02 1.260275526742301508e+02 9.799675850891409823e+01
1.215418006430868161e+02 1.257363344051446887e+02 9.797266881028939167e+01
1.301107674178818741e+02 1.303208130799823152e+02 8.379363676535572836e+01
1.455773195876288639e+02 1.184226804123711361e+02 1.175824742268041234e+02
1.543366834170854247e+02 1.116633165829145753e+02 1.226633165829145753e+02
1.594215909090908951e+02 1.186397727272727280e+02 1.460079545454545382e+02
1.645967741935483843e+02 1.180725806451612954e+02 1.295967741935483843e+02
7.878088144009932137e+01 1.098777157045313402e+02 1.498845437616387244e+02
1.787798611111111029e+02 1.200875000000000057e+02 1.607312499999999886e+02
1.911515349444807441e+02 1.196819072501632917e+02 1.611894186806009088e+02
1.863893687707641220e+02 1.198803986710963443e+02 1.605780730897010073e+02
2.075760338651904817e+02 1.191527189840442844e+02 1.628909150113969417e+02
1.494051172707889066e+02 1.186695095948827259e+02 1.460650319829424291e+02
1.368264462809917461e+02 1.197024793388429771e+02 1.233719008264462786e+02
1.169423076923076934e+02 1.198173076923076934e+02 1.158942307692307736e+02
1.549341657207718583e+02 1.185652667423382525e+02 1.459954597048808296e+02
1.438359375000000000e+02 1.227838541666666714e+02 1.039244791666666714e+02
1.197107774347460065e+02 1.320912152680325562e+02 8.356020207690148993e+01
2.279497767857142776e+02 1.182232142857142918e+02 1.638409598214285836e+02
1.973578431372548891e+02 1.196274509803921546e+02 1.372303921568627345e+02
2.035340909090909065e+02 1.195795454545454533e+02 1.361420454545454675e+02
1.401208333333333371e+02 1.089000000000000057e+02 1.320250000000000057e+02
2.309756097560975547e+02 1.233560975609756127e+02 1.367024390243902303e+02
1.916296296296296191e+02 1.179047619047618980e+02 1.192380952380952408e+02
1.983954802259887060e+02 1.183220338983050794e+02 1.270282485875706158e+02
2.432620738636363740e+02 1.178536931818181870e+02 1.617613636363636260e+02
2.231731601731601700e+02 1.214415584415584419e+02 1.412857142857142776e+02
2.227574768896139119e+02 1.183898858075040721e+02 1.642974442631865202e+02
1.625728643216080513e+02 1.122060301507537758e+02 1.202814070351758744e+02
1.569765258215962547e+02 1.143708920187793439e+02 1.207793427230046888e+02
1.156919318816303672e+02 1.326619207146845270e+02 8.367462311557788723e+01
1.814478945129731926e+02 1.156371756699276858e+02 9.731816248404933845e+01
5.184188034188034067e+01 1.199040105193951291e+02 1.282246877054569438e+02
4.413717971065016599e+01 1.202994596478995959e+02 1.278706641101621102e+02
1.695384615384615472e+02 1.118615384615384585e+02 1.192307692307692264e+02
1.301999999999999886e+02 1.351200000000000045e+02 1.527599999999999909e+02
1.484090909090909065e+02 1.354545454545454675e+02 1.588636363636363740e+02
1.743499999999999943e+02 1.327500000000000000e+02 1.599499999999999886e+02
1.553055555555555429e+02 1.392500000000000000e+02 1.575277777777777715e+02
1.955744680851063890e+02 1.336808510638297776e+02 1.662127659574468055e+02
2.055384615384615472e+02 1.313461538461538396e+02 1.664038461538461604e+02
1.752500000000000000e+02 1.380277777777777715e+02 1.612500000000000000e+02
1.805714285714285836e+02 1.396785714285714164e+02 1.628571428571428612e+02
1.522277777777777885e+02 1.084388888888888829e+02 1.308777777777777658e+02
1.684333333333333371e+02 1.389666666666666686e+02 1.612333333333333201e+02
1.172000000000000028e+02 1.340666666666666629e+02 1.474666666666666686e+02
2.124615384615384528e+02 1.297884615384615472e+02 1.691538461538461604e+02
1.447619047619047592e+02 1.335714285714285836e+02 1.533333333333333428e+02
1.394000000000000057e+02 1.340999999999999943e+02 1.509000000000000057e+02
1.369800196528005287e+01 1.239973796265967962e+02 1.281208647232230646e+02
1.864178082191780916e+01 1.224804794520547944e+02 1.283318493150684958e+02
1.579670932358318147e+01 1.277155393053016468e+02 1.156731261425959758e+02
5.330840455840456116e+01 1.153952991452991483e+02 1.397343304843304850e+02
2.652747252747252915e+01 1.243261254874158084e+02 1.169649060616802529e+02
1.587297297297297405e+02 1.189099099099099135e+02 1.313063063063063112e+02
1.438000000000000114e+02 1.544000000000000057e+02 1.564000000000000057e+02
1.620000000000000000e+02 1.530000000000000000e+02 1.563333333333333428e+02
1.213333333333333286e+02 1.480000000000000000e+02 1.533333333333333428e+02
1.316666666666666572e+02 1.491111111111111143e+02 1.543333333333333428e+02
1.273823529411764639e+02 1.370588235294117680e+02 1.495588235294117680e+02
2.078090877069390530e+01 1.263737231419513876e+02 1.156421275096865031e+02
3.063053097345132869e+01 1.230606826801517002e+02 1.186422250316055624e+02
