8.251831644583008085e+01 1.319652182385034962e+02 9.093988698363210688e+01 4.941824806400025305e-01 9.332318383461667144e-02
8.375664361121222612e+01 1.176496177648343604e+02 1.324046232253367350e+02 4.842122232002104565e-01 9.146653330112861635e-01
6.009166884303996170e+01 1.306821624445024952e+02 9.710159310524940679e+01 5.253327136325305347e-01 6.214745803667458268e-02
9.865977982204795182e+01 1.173638968481375429e+02 1.347271904690092015e+02 5.021888935325814485e-01 8.810928185418155367e-01
8.724380364548171940e+01 1.322408139647024825e+02 8.966939917060469156e+01 4.987856614821606915e-01 1.196298936832126958e-01
9.797972972972972627e+01 1.218986486486486456e+02 1.123851351351351298e+02 5.268865539135810794e-01 1.860107771322724590e-01
1.052248621685481709e+02 1.330303229194014136e+02 8.539341034392228380e+01 5.172613391305954655e-01 2.180885736274697229e-01
1.278699186991869965e+02 1.180081300813008198e+02 1.225691056910569046e+02 5.067187262309212903e-01 4.222070258085762195e-01
1.245037635907443558e+02 1.314032617786451169e+02 8.344215221633676549e+01 5.266450748747925070e-01 2.934945072505689700e-01
1.165299837925445701e+02 1.260275526742301508e+02 9.799675850891409823e+01 4.440573225014065040e-01 2.665646758256460802e-01
1.215418006430868161e+02 1.257363344051446887e+02 9.797266881028939167e+01 4.503713458697380934e-01 2.854423976520319983e-01
1.300895125553914227e+02 1.303258493353028200e+02 8.378966026587887939e+01 5.312980404560904146e-01 3.130551222407823575e-01
1.469944444444444400e+02 1.177166666666666686e+02 1.184500000000000028e+02 4.484869484869481449e-01 3.877639321564553820e-01
1.540310880829015616e+02 1.116735751295336740e+02 1.224455958549222743e+02 4.152833582885396280e-01 5.333397898406849746e-01
1.594129692832764533e+02 1.186370875995449410e+02 1.460068259385665499e+02 4.695422647641077640e-01 6.540142260214908410e-01
1.645967741935483843e+02 1.180725806451612954e+02 1.295967741935483843e+02 4.811548521225941788e-01 3.768465480856195149e-01
7.877508543025784604e+01 1.098782230506368478e+02 1.498828828828828819e+02 5.087690744727090264e-01 6.473837679122910194e-01
1.787658095899930402e+02 1.200868658790826942e+02 1.607331480194579569e+02 4.418348963171758181e-01 3.889989370430743110e-01
1.911258191349934350e+02 1.196788990825688046e+02 1.611880733944954045e+02 4.536843023081558179e-01 4.077261016727700138e-01
1.863010752688172147e+02 1.198850806451612954e+02 1.605551075268817272e+02 4.453842800616992226e-01 3.998069708237027009e-01
2.075760338651904817e+02 1.191527189840442844e+02 1.628909150113969417e+02 4.552560977178363721e-01 4.275622317509493731e-01
1.501519396551724128e+02 1.186993534482758577e+02 1.462823275862068897e+02 4.384790128324608793e-01 6.403648351058101040e-01
1.368264462809917461e+02 1.197024793388429771e+02 1.233719008264462786e+02 4.753354753354752660e-01 3.476995957879562282e-01
1.169417475728155296e+02 1.197087378640776762e+02 1.160776699029126178e+02 4.666653210342530667e-01 3.240480295194025917e-01
1.549772209567198047e+02 1.185637813211845071e+02 1.459897494305239150e+02 4.534710810337236331e-01 6.562599791369450042e-01
1.197107774347460065e+02 1.320912152680325562e+02 8.356020207690148993e+01 5.220515426802256886e-01 2.824521322033392012e-01
2.279831744251261796e+02 1.182260235558048294e+02 1.638289399887829632e+02 4.633329563223003156e-01 4.147687662817585164e-01
1.973578431372548891e+02 1.196274509803921546e+02 1.372303921568627345e+02 4.497064938241409626e-01 3.863691894203159505e-01
2.035542857142857258e+02 1.195771428571428601e+02 1.361828571428571308e+02 4.910959310959312485e-01 4.032220738762790635e-01
1.400916666666666686e+02 1.089458333333333400e+02 1.319916666666666742e+02 5.628898128898127684e-01 5.546079958463129289e-01
2.309756097560975547e+02 1.233560975609756127e+02 1.367024390243902303e+02 3.677095481973529090e-01 2.365625712331884400e-01
1.916296296296296191e+02 1.179047619047618980e+02 1.192380952380952408e+02 4.943514943514941140e-01 3.937595806754675687e-01
1.983954802259887060e+02 1.183220338983050794e+02 1.270282485875706158e+02 4.779825457791561649e-01 3.738845767991965663e-01
2.432844950213371362e+02 1.178534850640113802e+02 1.617275960170697147e+02 4.661311930159726113e-01 3.860779126396434724e-01
2.227381342062193141e+02 1.183878887070376464e+02 1.643175122749590855e+02 4.694041895351222515e-01 4.179434493612252388e-01
1.625728643216080513e+02 1.122060301507537758e+02 1.202814070351758744e+02 4.631995737523375567e-01 5.242098342178174164e-01
1.156919318816303672e+02 1.326619207146845270e+02 8.367462311557788723e+01 5.277824209985008119e-01 2.674000845348231126e-01
1.818670721112076478e+02 1.154856646394439679e+02 9.751259774109469447e+01 5.281749035007072823e-01 4.594203604613135705e-01
2.225889830508474461e+02 1.212796610169491487e+02 1.416949152542372872e+02 4.100214947672575772e-01 3.136649242304233032e-01
5.183917118894918730e+01 1.199024831442197012e+02 1.282236474264101389e+02 5.112273291849008805e-01 7.466451093006696293e-01
4.413563178158907618e+01 1.203011900595029715e+02 1.279184459222961152e+02 5.101123039519966929e-01 7.467361685841367169e-01
1.695515463917525665e+02 1.118505154639175316e+02 1.192680412371134082e+02 5.098699016224789160e-01 5.248900022481287619e-01
1.301999999999999886e+02 1.351200000000000045e+02 1.527599999999999909e+02 5.655717255717255254e-01 5.652336448598132002e-01
1.484090909090909065e+02 1.354545454545454675e+02 1.588636363636363740e+02 5.591570591570591553e-01 5.160011328235628580e-01
1.743499999999999943e+02 1.327500000000000000e+02 1.599499999999999886e+02 4.561850311850312312e-01 5.202492211838000147e-01
1.553055555555555429e+02 1.392500000000000000e+02 1.575277777777777715e+02 4.425386925386924353e-01 5.300276912426444831e-01
1.955744680851063890e+02 1.336808510638297776e+02 1.662127659574468055e+02 4.746759853142830665e-01 5.250878239543975701e-01
2.054313725490196134e+02 1.313137254901960773e+02 1.662941176470588118e+02 4.598671069259303024e-01 5.255634964266073794e-01
1.752500000000000000e+02 1.380277777777777715e+02 1.612500000000000000e+02 5.179602679602680615e-01 5.189511941848387044e-01
1.805714285714285836e+02 1.396785714285714164e+02 1.628571428571428612e+02 4.940599940599940121e-01 5.164663996439695648e-01
1.522277777777777885e+02 1.084388888888888829e+02 1.308777777777777658e+02 4.447331947331950586e-01 5.573035652474895851e-01
1.684333333333333371e+02 1.389666666666666686e+02 1.612333333333333201e+02 5.006237006237006515e-01 5.188992731048805984e-01
2.106792452830188722e+02 1.308867924528301785e+02 1.684528301886792576e+02 4.893107911975836388e-01 5.183683065890783981e-01
1.172000000000000028e+02 1.340666666666666629e+02 1.474666666666666686e+02 4.237699237699238952e-01 6.780893042575287799e-01
1.447619047619047592e+02 1.335714285714285836e+02 1.533333333333333428e+02 4.641124641124639849e-01 5.432428423082629187e-01
1.394000000000000057e+02 1.340999999999999943e+02 1.509000000000000057e+02 5.168399168399167021e-01 5.842679127725854960e-01
1.102271114265436402e+01 1.249297374024130534e+02 1.282022711142654430e+02 5.252866558757264270e-01 7.333585384566075893e-01
1.864302843439534030e+01 1.224813292223364130e+02 1.283295649194929808e+02 5.266876489898070224e-01 7.435301425081587423e-01
1.579670932358318147e+01 1.277155393053016468e+02 1.156731261425959758e+02 5.711182142626385350e-01 8.889416642462206752e-01
2.652747252747252915e+01 1.243261254874158084e+02 1.169649060616802529e+02 5.148525942570612024e-01 8.665604318302402298e-01
1.438000000000000114e+02 1.544000000000000057e+02 1.564000000000000057e+02 2.328482328482328612e-01 7.813084112149532023e-01
1.620000000000000000e+02 1.530000000000000000e+02 1.563333333333333428e+02 4.989604989604989882e-01 7.788161993769470159e-01
1.213333333333333286e+02 1.480000000000000000e+02 1.533333333333333428e+02 6.056826056826056792e-01 7.819314641744549155e-01
1.316666666666666572e+02 1.491111111111111143e+02 1.543333333333333428e+02 5.754215754215753487e-01 7.521633783316024058e-01
1.273823529411764639e+02 1.370588235294117680e+02 1.495588235294117680e+02 5.586400880518527234e-01 6.456844420010996455e-01
2.078090877069390530e+01 1.263737231419513876e+02 1.156421275096865031e+02 5.451481774130594316e-01 8.790906367583680714e-01
