5.868434809348093495e+01 1.256675891758917629e+02 1.303845325953259646e+02 4.882736483290001095e-01 4.952162196855557363e-01
6.312949225189581171e+01 1.256909825255522577e+02 1.305384108143751973e+02 4.853822094178175117e-01 4.512961268209612631e-01
6.513228475315938226e+01 1.256292390217292478e+02 1.306346031457405275e+02 4.842617520133660203e-01 4.391758639060645009e-01
6.998545113223043757e+01 1.255703390824826897e+02 1.308142672767804697e+02 4.864250165200549869e-01 4.071632449194624304e-01
5.662834026128265918e+01 1.256099317102137718e+02 1.303024792161520224e+02 4.870762983886533504e-01 5.223921219319049847e-01
1.030487264673311216e+02 1.260730897009966753e+02 1.311517165005537038e+02 4.969160317997525222e-01 5.464581543694786436e-01
1.350869565217391255e+02 1.260621118012422386e+02 1.420434782608695627e+02 4.919357962836222176e-01 2.287107447611306799e-01
1.601770334928229715e+02 1.292248803827751260e+02 1.459760765550239228e+02 3.732554785186364965e-01 4.095306235001260342e-01
1.828117647058823536e+02 1.228117647058823536e+02 1.512823529411764696e+02 4.621988504341447701e-01 1.964449331134322518e-01
2.026612903225806406e+02 1.222096774193548328e+02 1.520000000000000000e+02 5.569042988397830962e-01 3.214249824138276090e-01
1.992857142857142776e+02 1.208775510204081627e+02 1.557755102040816269e+02 5.307395307395308404e-01 2.257613325704113660e-01
1.915066666666666606e+02 1.217199999999999989e+02 1.544399999999999977e+02 4.595980595980595496e-01 2.097196261682243434e-01
1.678536585365853568e+02 1.222195121951219505e+02 1.566341463414634063e+02 4.873992191065362745e-01 3.852290859357191954e-01
1.509473684210526301e+02 1.173684210526315752e+02 1.540526315789473699e+02 5.429478061057009253e-01 3.523528447286440324e-01
1.374210526315789593e+02 1.195789473684210549e+02 1.509473684210526301e+02 4.803589014115329792e-01 1.974094113789145732e-01
1.221111111111111143e+02 1.185000000000000000e+02 1.483333333333333428e+02 5.131670131670130752e-01 1.093804084458289971e-01
1.084444444444444429e+02 1.183333333333333286e+02 1.467777777777777715e+02 4.611919611919613193e-01 5.534787123572170175e-01
9.279166666666667140e+01 1.180833333333333286e+02 1.420138888888888857e+02 5.392122892122891420e-01 8.647023191415724730e-01
8.337000000000000455e+01 1.179500000000000028e+02 1.412599999999999909e+02 5.054677754677756596e-01 9.272429906542041245e-01
1.163927125506072855e+02 1.265222672064777356e+02 1.394331983805668074e+02 4.800558889627715153e-01 2.423852586174276846e-01
1.525434782608695627e+02 1.259782608695652186e+02 1.421376811594202820e+02 5.307933351411613376e-01 2.441645221003204691e-01
2.065873015873015959e+02 1.222857142857142918e+02 1.531428571428571388e+02 5.185955185955187785e-01 2.559461998714334663e-01
2.111999999999999886e+02 1.197333333333333343e+02 1.578000000000000114e+02 4.656964656964656113e-01 5.777777777777776125e-01
2.055789473684210407e+02 1.190789473684210549e+02 1.668157894736842195e+02 3.867490972754130674e-01 8.059517953762910247e-01
1.954545454545454675e+02 1.188409090909090935e+02 1.677954545454545325e+02 5.139387639387640316e-01 6.369300481450016482e-01
1.907800000000000011e+02 1.112800000000000011e+02 1.739799999999999898e+02 6.005821205821205711e-01 8.479750778816200762e-01
1.814761904761904816e+02 1.104047619047618980e+02 1.721904761904762040e+02 6.546876546876548852e-01 9.035009642486278025e-01
1.884545454545454675e+02 1.100227272727272663e+02 1.736136363636363740e+02 5.807030807030808539e-01 8.673888416879073082e-01
1.958400000000000034e+02 1.120400000000000063e+02 1.740200000000000102e+02 5.162993762993762781e-01 8.948286604361369578e-01
2.050000000000000000e+02 1.065999999999999943e+02 1.670666666666666629e+02 4.199584199584199262e-01 7.268951194184839273e-03
2.110000000000000000e+02 1.055000000000000000e+02 1.671666666666666572e+02 5.984060984060983746e-01 3.894080996884735201e-03
1.976875000000000000e+02 1.068750000000000000e+02 1.676250000000000000e+02 6.266891891891891442e-01 1.168224299065420552e-01
1.923333333333333428e+02 1.080000000000000000e+02 1.673333333333333428e+02 5.370755370755371239e-01 2.255970924195223049e-01
1.863000000000000114e+02 1.095000000000000000e+02 1.633000000000000114e+02 5.891891891891892774e-01 9.563862928348909609e-02
1.864285714285714164e+02 1.111428571428571388e+02 1.602857142857142776e+02 5.871695871695871149e-01 9.790832220738761651e-03
1.736153846153846132e+02 1.263230769230769255e+02 1.431307692307692321e+02 5.316488085718852341e-01 2.839923316558832789e-01
1.612758620689655231e+02 1.187586206896551744e+02 1.524827586206896513e+02 3.844003154347981899e-01 1.346009238371468353e-01
1.560000000000000000e+02 1.220689655172413808e+02 1.534482758620689538e+02 5.427629220732669291e-01 4.323772693092706176e-01
1.837948717948717956e+02 1.199230769230769198e+02 1.584615384615384528e+02 3.945306252998559970e-01 3.927630002396357844e-01
1.854666666666666686e+02 1.195777777777777828e+02 1.625333333333333314e+02 3.137445137445136756e-01 7.159570785739006737e-01
1.483703703703703809e+02 1.211111111111111143e+02 1.514814814814814952e+02 5.726495726495727245e-01 2.867197415484019629e-01
1.349285714285714164e+02 1.200000000000000000e+02 1.455000000000000000e+02 3.405108405108406289e-01 8.233199821984868438e-02
1.350000000000000000e+02 1.173750000000000000e+02 1.446250000000000000e+02 2.674116424116423918e-01 6.230529595015576148e-03
1.375999999999999943e+02 1.170999999999999943e+02 1.445000000000000000e+02 2.941787941787942229e-01 6.853582554517133156e-03
1.418750000000000000e+02 1.161250000000000000e+02 1.455000000000000000e+02 4.553014553014552712e-01 5.451713395638629021e-03
1.491428571428571388e+02 1.165000000000000000e+02 1.509285714285714164e+02 3.951588951588951848e-01 7.565643079661771471e-03
1.938055555555555429e+02 1.252638888888888857e+02 1.433333333333333428e+02 5.213386463386460168e-01 1.655633437175492439e-01
1.803220338983050794e+02 1.260000000000000000e+02 1.425677966101694949e+02 4.942563162902147145e-01 2.088019430804161913e-01
1.244146341463414700e+02 1.264975609756097583e+02 1.405219512195122036e+02 5.047309974139241318e-01 2.608160474128105588e-01
1.442500000000000000e+02 1.260208333333333286e+02 1.414791666666666572e+02 5.360360360360361121e-01 2.163648753894081567e-01
1.861120689655172384e+02 1.252672413793103487e+02 1.449913793103448256e+02 5.347695175281381719e-01 2.323826404554731329e-01
1.855930232558139608e+02 1.223604651162790731e+02 1.511162790697674438e+02 4.546003964608617554e-01 1.839092950807795501e-01
2.150757575757575637e+02 1.261969696969697026e+02 1.568787878787878753e+02 5.133245133245133429e-01 1.627961861606721516e-01
2.036875000000000000e+02 1.272500000000000000e+02 1.574583333333333428e+02 3.934078309078310465e-01 1.865264797507788230e-01
2.009696969696969688e+02 1.177878787878787818e+02 1.722121212121212182e+02 4.612234612234611952e-01 7.301991881431134646e-01
2.213287671232876619e+02 1.113493150684931550e+02 1.810000000000000000e+02 5.077891379261241234e-01 9.282422225067201715e-01
2.378690807799442837e+02 1.125905292479108653e+02 1.834930362116991773e+02 4.419008680847120174e-01 9.596837876066264261e-01
1.745757575757575637e+02 1.192121212121212182e+02 1.643333333333333428e+02 4.197694197694198381e-01 8.109128669876336515e-01
1.577500000000000000e+02 1.270000000000000000e+02 1.620000000000000000e+02 5.296257796257796135e-01 8.566978193146416662e-03
1.526470588235294201e+02 1.253529411764705941e+02 1.583529411764705799e+02 6.100036688271981422e-01 1.735385743082279719e-01
1.600277777777777715e+02 1.231944444444444429e+02 1.561944444444444571e+02 5.057750057750058925e-01 3.245932848736586829e-01
1.215345622119815658e+02 1.268341013824884840e+02 1.402580645161290249e+02 4.878565201145844132e-01 2.554804255135877944e-01
1.228620689655172384e+02 1.244655172413793167e+02 1.482931034482758719e+02 6.081797978349702261e-01 5.945321731657536857e-01
2.073611111111111143e+02 1.204166666666666714e+02 1.589722222222222285e+02 4.559367059367058772e-01 4.183108341986847556e-01
1.524166666666666572e+02 1.184583333333333286e+02 1.529166666666666572e+02 5.698198198198198838e-01 2.426012461059190162e-01
1.471538461538461604e+02 1.213076923076923066e+02 1.532307692307692264e+02 5.651687190148730888e-01 3.713156002875628858e-01
1.315999999999999943e+02 1.239500000000000028e+02 1.500500000000000114e+02 5.459459459459459207e-01 6.063084112149532690e-01
1.432857142857142776e+02 1.198571428571428612e+02 1.532380952380952408e+02 5.422235422235422986e-01 4.834594273846611334e-01
1.945116279069767415e+02 1.195581395348837219e+02 1.641627906976744100e+02 5.395252139438185823e-01 5.780627399840614355e-01
1.908888888888888857e+02 1.200833333333333286e+02 1.620277777777777715e+02 3.520443520443519714e-01 5.584977500865352384e-01
1.637804878048780495e+02 1.222682926829268268e+02 1.482926829268292579e+02 4.620962425840473009e-01 3.079553225438796393e-01
1.289655172413793025e+02 1.264597701149425291e+02 1.405344827586206975e+02 5.126890816545989216e-01 2.414867332688797052e-01
1.880381679389313092e+02 1.255496183206106906e+02 1.432290076335877984e+02 5.429210772722223854e-01 1.932415400347197165e-01
1.987692307692307736e+02 1.253846153846153868e+02 1.722307692307692264e+02 5.405405405405404595e-01 1.965013179966450946e-02
2.100476190476190368e+02 1.170952380952381020e+02 1.729523809523809632e+02 4.662409662409662814e-01 8.416407061266876211e-01
1.900909090909090935e+02 1.227272727272727337e+02 1.719090909090909065e+02 5.611415611415611071e-01 1.900311526479750712e-01
1.711428571428571388e+02 1.251428571428571388e+02 1.662857142857142776e+02 6.005346005346005045e-01 1.335113484646194802e-02
1.978000000000000114e+02 1.075999999999999943e+02 1.656999999999999886e+02 6.798336798336798159e-01 7.788161993769469535e-03
1.965000000000000000e+02 1.110000000000000000e+02 1.620000000000000000e+02 5.893970893970894576e-01 6.230529595015576148e-03
1.882727272727272805e+02 1.156363636363636402e+02 1.591818181818181870e+02 5.762615762615763693e-01 1.685075049561030880e-01
1.591379310344827616e+02 1.202068965517241423e+02 1.577586206896551744e+02 4.510717614165890010e-01 5.866365882479321892e-01
1.795000000000000000e+02 1.165833333333333286e+02 1.593333333333333428e+02 4.255024255024255631e-01 4.680685358255451400e-01
2.001538461538461604e+02 1.171025641025641022e+02 1.693589743589743648e+02 4.355775894237431944e-01 8.556593977154725028e-01
2.181343283582089612e+02 1.258208955223880565e+02 1.583432835820895548e+02 5.152201570112017182e-01 1.741758497233458491e-01
2.096666666666666572e+02 1.255000000000000000e+02 1.708333333333333428e+02 7.051282051282051766e-01 1.869158878504672758e-02
2.055714285714285836e+02 1.228571428571428612e+02 1.721428571428571388e+02 5.913275913275912732e-01 1.566533155318201864e-01
1.790000000000000000e+02 1.240000000000000000e+02 1.700000000000000000e+02 5.506385506385506057e-01 1.557632398753893907e-02
1.640000000000000000e+02 1.265000000000000000e+02 1.645000000000000000e+02 9.449064449064449311e-01 9.345794392523363789e-03
1.471538461538461604e+02 1.246923076923076934e+02 1.590769230769230660e+02 5.312649928034542945e-01 3.690390606278456942e-01
1.348275862068965409e+02 1.234827586206896513e+02 1.510344827586206975e+02 5.120080292494086915e-01 5.693414974755613978e-01
1.680606060606060623e+02 1.215454545454545467e+02 1.525151515151515014e+02 4.963774963774963411e-01 4.869253280468235356e-01
2.048000000000000114e+02 1.110000000000000000e+02 1.614000000000000057e+02 5.222453222453221633e-01 9.345794392523363789e-03
1.960000000000000000e+02 1.140000000000000000e+02 1.560000000000000000e+02 2.598752598752598897e-01 9.345794392523363789e-03
2.188985507246376869e+02 1.151449275362318900e+02 1.740144927536231876e+02 4.021814456597067045e-01 8.715517630592805043e-01
1.909411764705882320e+02 1.239411764705882320e+02 1.498823529411764639e+02 4.626391096979332040e-01 3.077392950949849881e-01
1.836290322580645125e+02 1.255241935483871032e+02 1.445080645161290249e+02 5.051472067601099347e-01 1.816902823836800129e-01
1.897866666666666617e+02 1.215866666666666731e+02 1.530000000000000000e+02 4.509494109494107672e-01 1.974247144340602611e-01
2.144285714285714164e+02 1.251428571428571388e+02 1.691428571428571388e+02 6.403326403326402572e-01 1.513128615932354294e-02
2.146666666666666572e+02 1.233333333333333286e+02 1.738333333333333428e+02 5.381150381150381357e-01 1.090342679127725804e-02
1.572051282051282044e+02 1.226923076923076934e+02 1.562564102564102484e+02 5.255610640226024977e-01 4.454029874590622606e-01
1.406470588235294201e+02 1.240588235294117680e+02 1.561176470588235361e+02 4.612938730585789404e-01 3.917903610042148266e-01
1.795694444444444571e+02 1.235833333333333286e+02 1.492222222222222285e+02 5.312427812427812368e-01 2.854361370716509416e-01
1.668000000000000114e+02 1.104500000000000028e+02 1.658499999999999943e+02 6.698544698544697251e-01 7.637071651090342472e-01
1.755999999999999943e+02 1.092000000000000028e+02 1.640000000000000000e+02 5.218295218295219140e-01 1.844236760124610686e-01
2.032500000000000000e+02 1.120000000000000000e+02 1.597500000000000000e+02 7.567567567567567988e-01 9.345794392523363789e-03
1.622189054726368056e+02 1.277114427860696537e+02 1.443930348258706431e+02 4.364559737694065356e-01 3.383549542009570144e-01
1.688214285714285836e+02 1.263642857142857139e+02 1.427785714285714391e+02 5.278734778734779365e-01 2.929461504227861557e-01
1.979015151515151558e+02 1.248181818181818130e+02 1.438333333333333428e+02 5.057960057960056988e-01 2.211129991503822667e-01
1.920434782608695627e+02 1.270434782608695627e+02 1.549565217391304373e+02 5.352526439482958587e-01 1.477041852905322528e-01
1.931750000000000114e+02 1.275250000000000057e+02 1.506750000000000114e+02 4.253118503118504812e-01 1.846573208722741000e-01
1.969285714285714164e+02 1.199285714285714306e+02 1.744285714285714164e+02 5.103950103950104511e-01 4.234534935469514982e-01
1.870000000000000000e+02 1.213846153846153868e+02 1.727692307692307736e+02 5.525347833040140655e-01 3.815001198178767927e-01
1.290000000000000000e+02 1.166896551724137936e+02 1.584137931034482847e+02 4.321456735249836756e-01 9.571382533032549711e-01
1.611666666666666572e+02 1.121666666666666714e+02 1.571666666666666572e+02 3.014553014553014720e-01 1.505711318795430881e-02
1.521875000000000000e+02 1.098750000000000000e+02 1.653125000000000000e+02 5.702962577962578106e-01 9.110202492211838532e-01
1.586666666666666572e+02 1.103030303030302974e+02 1.665757575757575637e+02 6.133686133686133690e-01 9.069196639290098005e-01
1.838750000000000000e+02 1.090000000000000000e+02 1.637500000000000000e+02 5.023388773388773876e-01 1.195482866043613701e-01
2.002735042735042725e+02 1.247179487179487154e+02 1.439059829059829099e+02 5.116832809140501315e-01 2.000692281066112632e-01
2.111388888888888857e+02 1.177777777777777715e+02 1.673055555555555429e+02 3.453453453453453337e-01 8.369678089304257718e-01
2.204929577464788792e+02 1.141971830985915517e+02 1.762253521126760631e+02 4.660185646101137058e-01 9.031196524944061776e-01
2.034795918367346985e+02 1.246428571428571388e+02 1.461224489795918373e+02 4.523950952522381996e-01 2.366329709453874608e-01
1.870285714285714391e+02 1.281142857142857281e+02 1.547428571428571331e+02 4.723492723492724310e-01 1.087672452158433556e-01
1.783043478260869676e+02 1.275000000000000000e+02 1.493478260869565304e+02 3.974057669709844531e-01 2.955438168766084117e-01
2.037500000000000000e+02 1.217500000000000000e+02 1.771666666666666572e+02 5.071032571032570990e-01 1.635514018691588620e-02
1.219845201238390047e+02 1.263142414860681129e+02 1.291068111455108465e+02 5.011971962436355676e-01 5.156390150747963697e-01
1.168628099173553778e+02 1.263685950413223082e+02 1.295719008264462673e+02 4.941014759196576955e-01 4.932004840246141386e-01
1.551562500000000000e+02 1.223125000000000000e+02 1.486250000000000000e+02 5.609407484407484823e-01 2.510708722741433196e-01
1.422941176470588118e+02 1.241176470588235361e+02 1.524705882352941160e+02 3.246912070441482223e-01 3.437786329485064685e-01
1.427096774193548470e+02 1.101935483870967687e+02 1.628709677419354875e+02 4.162028032995773175e-01 9.289518641342581207e-01
1.640000000000000000e+02 1.115000000000000000e+02 1.576666666666666572e+02 2.484407484407484823e-01 1.557632398753894080e-02
2.135657894736842195e+02 1.247368421052631646e+02 1.405131578947368496e+02 4.721386366123206946e-01 2.191137891457616560e-01
2.053402061855670127e+02 1.248247422680412342e+02 1.454123711340206171e+02 4.305463274535439311e-01 2.179400712978128707e-01
2.190666666666666629e+02 1.173333333333333286e+02 1.639333333333333371e+02 5.501039501039499680e-01 7.121495327102803641e-01
2.292121212121212182e+02 1.151515151515151558e+02 1.710303030303030312e+02 5.484785484785485998e-01 8.454639856509016393e-01
1.660476190476190368e+02 1.289523809523809632e+02 1.518730158730158735e+02 4.459624459624459414e-01 3.322454630865847580e-01
1.780075757575757507e+02 1.263939393939393909e+02 1.426590909090909065e+02 5.236880236880236961e-01 2.683139809308034418e-01
2.043571428571428612e+02 1.257142857142857082e+02 1.752857142857142776e+02 5.729135729135730326e-01 2.069425901201601969e-02
1.710000000000000000e+02 1.286666666666666572e+02 1.633333333333333428e+02 5.599445599445599386e-01 6.542056074766354479e-02
1.314261083743842278e+02 1.261502463054187189e+02 1.302758620689655231e+02 4.990014645187058617e-01 5.070515476574137814e-01
1.331999999999999886e+02 1.145999999999999943e+02 1.518000000000000114e+02 6.191268191268191057e-01 3.563862928348909831e-01
1.280303030303030312e+02 1.139393939393939377e+02 1.577575757575757507e+02 4.949914949914949736e-01 9.423204002643256194e-01
1.415555555555555429e+02 1.141111111111111143e+02 1.531111111111111143e+02 8.401478401478402747e-01 1.280719972308757421e-02
2.505068432671081666e+02 1.278537369914853343e+02 1.285924944812362014e+02 5.179753365183829006e-01 4.188187143810097601e-01
2.112758620689655231e+02 1.227068965517241423e+02 1.483275862068965409e+02 5.362033120653809659e-01 3.266194005800837630e-01
2.091999999999999886e+02 1.219333333333333371e+02 1.524499999999999886e+02 5.210325710325711679e-01 3.096573208722739889e-01
2.155999999999999943e+02 1.196500000000000057e+02 1.589000000000000057e+02 4.269230769230770162e-01 5.981308411214953935e-01
2.078269230769230660e+02 1.249423076923076934e+02 1.415480769230769340e+02 4.274948024948023728e-01 2.332254972441888397e-01
1.774499999999999886e+02 1.286750000000000114e+02 1.516999999999999886e+02 4.124220374220375906e-01 2.302959501557632349e-01
1.821999999999999886e+02 1.280749999999999886e+02 1.539250000000000114e+02 4.139293139293139800e-01 1.415887850467289488e-01
1.910000000000000000e+02 1.252857142857142918e+02 1.662857142857142776e+02 6.137511137511136861e-01 2.314196706720070967e-02
1.799285714285714164e+02 1.313928571428571388e+02 1.588214285714285836e+02 4.938372438372438666e-01 2.036048064085446974e-01
1.689259259259259238e+02 1.249259259259259238e+02 1.548888888888888857e+02 4.181104181104181028e-01 3.991000346140532451e-01
1.240665742024965397e+02 1.264147018030513152e+02 1.282177531206657477e+02 4.983895663507313945e-01 4.938839704287498189e-01
1.779285714285714164e+02 1.215357142857142918e+02 1.591071428571428612e+02 4.403771903771903085e-01 4.918780596350690870e-01
1.761666666666666572e+02 1.208666666666666600e+02 1.621333333333333258e+02 4.135828135828134022e-01 7.082035306334373281e-01
1.559565217391304373e+02 1.201304347826087024e+02 1.609565217391304373e+02 4.680466419596853167e-01 7.850467289719627040e-01
1.295625000000000000e+02 1.210000000000000000e+02 1.575000000000000000e+02 4.107328482328483354e-01 7.270249221183801014e-01
1.139148936170212778e+02 1.135531914893617085e+02 1.533617021276595835e+02 4.814880346795238908e-01 9.429972824285809407e-01
1.118571428571428612e+02 1.137619047619047592e+02 1.530238095238095184e+02 4.604989604989605523e-01 9.421450823319982293e-01
1.142701612903225765e+02 1.263508064516128968e+02 1.389112903225806406e+02 4.924049359533230197e-01 2.549492513315244624e-01
1.504887218045112718e+02 1.259774436090225578e+02 1.422631578947368496e+02 5.288168446063182815e-01 2.254233715128943494e-01
2.211999999999999886e+02 1.187500000000000000e+02 1.605000000000000000e+02 5.583160083160082499e-01 6.852024922118380434e-01
2.268888888888888857e+02 1.178888888888888857e+02 1.612222222222222285e+02 6.310926310926311400e-01 7.016268605053651575e-01
2.114090909090909065e+02 1.182272727272727337e+02 1.610909090909090935e+02 4.270459270459271428e-01 6.597281223449449339e-01
1.941904761904762040e+02 1.272380952380952408e+02 1.565000000000000000e+02 5.486090486090484664e-01 1.300993917816347378e-01
1.481418685121107330e+02 1.260242214532871969e+02 1.294048442906574508e+02 5.282967289887702256e-01 4.911770095613836595e-01
1.393048433048433026e+02 1.260170940170940241e+02 1.282934472934472865e+02 5.528368605291680282e-01 5.055959386177458770e-01
1.362694117647058931e+02 1.274623529411764764e+02 1.227270588235294184e+02 4.957343769108474851e-01 4.068059373282014168e-01
1.429395017793594320e+02 1.260569395017793539e+02 1.290782918149466241e+02 5.266607971234307239e-01 5.032871032471928352e-01
8.034210526315789025e+01 1.201526315789473642e+02 1.392368421052631504e+02 5.136338767917714154e-01 8.353828496474823284e-01
1.978299595141700422e+02 1.264170040485829958e+02 1.294352226720647820e+02 4.980262105768180070e-01 4.758346261051620285e-01
1.611858407079646156e+02 1.262079646017699162e+02 1.299911504424778741e+02 5.362721468916159528e-01 4.156810851046233712e-01
1.575258620689655231e+02 1.262887931034482705e+02 1.301508620689655231e+02 5.306115133701341247e-01 4.458051348157693883e-01
1.497024844720496901e+02 1.274478260869565247e+02 1.190204968944099448e+02 4.867886520060432098e-01 4.279909444476695524e-01
1.519523809523809632e+02 1.259880952380952408e+02 1.370952380952381020e+02 5.444510444510444191e-01 4.161103693813973381e-01
1.810000000000000000e+02 1.186153846153846132e+02 1.688461538461538396e+02 3.935710858787782040e-01 6.062784567457465412e-01
1.530434782608695627e+02 1.171304347826087024e+02 1.643913043478260931e+02 5.923348097261140754e-01 8.642828118650954794e-01
2.035480769230769340e+02 1.257115384615384670e+02 1.402307692307692264e+02 4.884255557332480846e-01 2.437395159357776120e-01
1.921156069364161851e+02 1.265317919075144459e+02 1.393179190751445162e+02 5.707161140687149192e-01 3.198458574181116121e-01
1.988518518518518476e+02 1.221851851851851904e+02 1.530370370370370381e+02 4.490259490259492225e-01 2.694704049844235949e-01
1.794683544303797476e+02 1.285316455696202524e+02 1.351772151898734080e+02 5.533435090397117451e-01 4.611577743601870116e-01
2.083333333333333428e+02 1.263333333333333286e+02 1.745555555555555429e+02 5.599445599445600497e-01 2.284527518172378008e-02
1.745954198473282304e+02 1.272671755725190792e+02 1.395801526717557124e+02 5.885162908063669152e-01 4.017740362892677219e-01
1.708427947598253240e+02 1.266244541484716137e+02 1.294366812227074206e+02 5.718617509010521793e-01 4.884707994939395115e-01
1.646425339366515743e+02 1.264524886877828038e+02 1.297149321266968229e+02 5.453758666428351054e-01 4.351080475324565766e-01
1.577749120750293059e+02 1.274132473622508854e+02 1.185932004689331762e+02 4.825990206998418408e-01 4.467866755778597820e-01
2.006111111111111143e+02 1.187777777777777715e+02 1.673888888888888857e+02 4.827904827904826446e-01 7.706818968501211176e-01
1.511176470588235361e+02 1.204117647058823479e+02 1.599411764705882320e+02 5.379723615017732996e-01 8.356239692138537345e-01
2.055999999999999943e+02 1.254181818181818215e+02 1.548000000000000114e+02 4.684936684936686913e-01 2.086661002548851895e-01
1.900438247011952058e+02 1.279721115537848561e+02 1.338725099601593627e+02 5.484092735088753612e-01 4.394136848245642213e-01
1.844507042253521263e+02 1.278920187793427203e+02 1.342676056338028161e+02 5.904073087171679557e-01 4.407587790502092706e-01
1.840701219512195053e+02 1.263384146341463463e+02 1.278841463414634205e+02 4.874562648952897592e-01 4.314831699718868485e-01
2.084137931034482847e+02 1.247931034482758577e+02 1.610689655172413666e+02 4.147250698974835892e-01 1.129014931786443132e-01
2.178333333333333428e+02 1.260000000000000000e+02 1.738333333333333428e+02 6.521136521136521313e-01 2.544132917964693485e-02
2.103750000000000000e+02 1.265000000000000000e+02 1.746250000000000000e+02 6.390332640332641034e-01 2.297507788161993678e-02
1.954444444444444571e+02 1.263333333333333286e+02 1.705555555555555429e+02 5.255255255255254498e-01 2.180685358255451609e-02
1.742692307692307736e+02 1.266239316239316253e+02 1.293846153846153868e+02 5.625832933525236612e-01 4.679553744974305762e-01
1.667370892018779216e+02 1.266009389671361447e+02 1.293474178403755843e+02 5.688462026490199719e-01 4.919485761923565459e-01
1.621935881627620120e+02 1.273951911220715232e+02 1.184112207151664649e+02 4.842421383728408024e-01 4.478759732801709803e-01
1.379161290322580555e+02 1.259612903225806519e+02 1.410774193548386961e+02 5.309503051438536625e-01 2.425283891066223052e-01
2.100408163265306030e+02 1.257551020408163254e+02 1.561020408163265358e+02 4.998939284653571291e-01 1.482611736283298010e-01
2.230289855072463752e+02 1.242173913043478279e+02 1.459130434782608745e+02 4.529211485733224407e-01 2.070070883561334341e-01
1.871097560975609895e+02 1.264817073170731732e+02 1.392134146341463463e+02 5.550428477257746129e-01 3.334852974697968819e-01
2.200000000000000000e+02 1.263333333333333286e+02 1.766666666666666572e+02 3.756063756063756087e-01 3.011422637590861762e-02
1.897792553191489446e+02 1.263882978723404307e+02 1.280132978723404165e+02 5.224377405228474158e-01 4.658315105720156613e-01
2.170338983050847332e+02 1.155932203389830448e+02 1.727627118644067821e+02 3.850029951724868726e-01 8.794022915676646956e-01
1.371785714285714164e+02 1.260208333333333286e+02 1.292678571428571388e+02 5.393711018711019323e-01 4.979695149087673967e-01
2.217500000000000000e+02 1.266875000000000000e+02 1.650625000000000000e+02 5.931652806652807364e-01 1.553738317757009102e-01
2.024000000000000057e+02 1.260000000000000000e+02 1.670000000000000000e+02 5.272349272349272642e-01 1.744548286604361356e-02
2.084375000000000000e+02 1.182500000000000000e+02 1.694791666666666572e+02 3.718381843381842189e-01 8.366433021806853887e-01
2.161034482758620641e+02 1.261206896551724128e+02 1.586379310344827616e+02 5.555595383181589630e-01 1.619937694704049469e-01
2.219285714285714164e+02 1.246428571428571388e+02 1.416632653061224403e+02 4.882260596546308951e-01 2.080869731069998063e-01
1.724375000000000000e+02 1.220000000000000000e+02 1.515208333333333428e+02 5.239951489951489849e-01 4.144600207684319693e-01
1.146489184692179748e+02 1.263361064891846866e+02 1.298519134775374368e+02 4.993859852428902402e-01 4.955188911523380479e-01
1.739506172839506064e+02 1.270740740740740762e+02 1.240802469135802539e+02 5.055953389286723665e-01 4.741933002576822487e-01
1.709629629629629619e+02 1.289814814814814952e+02 1.341296296296296191e+02 5.608878108878107005e-01 4.124264451367253836e-01
1.775338345864661562e+02 1.264887218045112718e+02 1.294624060150376010e+02 5.481453113032057622e-01 4.749959009673716537e-01
2.275901639344262435e+02 1.236229508196721270e+02 1.462459016393442539e+02 4.401349647251288077e-01 3.551401869158878899e-01
1.915107913669064885e+02 1.263357314148681070e+02 1.255299760191846588e+02 5.384465816120498349e-01 5.412118903008437121e-01
2.348775510204081627e+02 1.242857142857142918e+02 1.486938775510204209e+02 5.127073698502270238e-01 2.806917159387118388e-01
2.314193548387096655e+02 1.243870967741935516e+02 1.545268817204301115e+02 5.133123197639331003e-01 1.917060261950223055e-01
1.850297029702970235e+02 1.270330033003300372e+02 1.189306930693069262e+02 4.850867623144848872e-01 4.471484531630727233e-01
1.959908592321754952e+02 1.265557586837294366e+02 1.220073126142596038e+02 5.089374284986722952e-01 4.463884000523953843e-01
1.013106796116504853e+02 1.309902912621359121e+02 1.368155339805825292e+02 4.884241971620613687e-01 5.109034267912775373e-01
2.228000000000000114e+02 1.213199999999999932e+02 1.549199999999999875e+02 4.074012474012472795e-01 5.629906542056073437e-01
7.034608695652174504e+01 1.322626086956521760e+02 1.271373913043478296e+02 4.922389948476905142e-01 6.885981308411208701e-01
1.989809688581314902e+02 1.266072664359861619e+02 1.233252595155709344e+02 5.169053802271799114e-01 4.728734814431544975e-01
1.817871720116617951e+02 1.273352769679300280e+02 1.183819241982507293e+02 4.422698096167488324e-01 4.587704240574725922e-01
7.409565217391303804e+01 1.326130434782608631e+02 1.271478260869565275e+02 4.892117870378740463e-01 6.930786942977099629e-01
8.418681318681318260e+01 1.339597069597069492e+02 1.267032967032967008e+02 4.770890924737080097e-01 6.944872365433111261e-01
2.032419601837672190e+02 1.264839203675344521e+02 1.260076569678407310e+02 5.445934802749506920e-01 4.969062033366263287e-01
1.881842900302114856e+02 1.270181268882175232e+02 1.197250755287009127e+02 4.958576982746164541e-01 4.722214379158778397e-01
1.325622171945701382e+02 1.273382352941176521e+02 1.234321266968325830e+02 4.859196997206053914e-01 4.011396794519387909e-01
2.012203389830508513e+02 1.266186440677966090e+02 1.241474576271186407e+02 5.250854505091795410e-01 4.667353080944088295e-01
2.250200000000000102e+02 1.249200000000000017e+02 1.521200000000000045e+02 4.286902286902285475e-01 1.920249221183800148e-01
2.473153846153846018e+02 1.214769230769230717e+02 1.477307692307692264e+02 5.570286262593957538e-01 3.371914689671698939e-01
1.758689655172413779e+02 1.285724137931034363e+02 1.363241379310344712e+02 5.418452935694314521e-01 4.486625845955520830e-01
1.464606741573033730e+02 1.375168539325842687e+02 1.392134831460674036e+02 3.841014739891143726e-01 2.335048479120723774e-01
1.337971014492753739e+02 1.361594202898550634e+02 1.394202898550724683e+02 5.408117147247583079e-01 2.676418799945822213e-01
1.403728813559322077e+02 1.370000000000000000e+02 1.405423728813559308e+02 4.547376581274886198e-01 2.172765193516024984e-01
1.464666666666666686e+02 1.314333333333333371e+02 1.505999999999999943e+02 4.880803880803880612e-01 1.892004153686396295e-01
1.506285714285714334e+02 1.385142857142857054e+02 1.464857142857142946e+02 4.851796851796852383e-01 2.558967512238538577e-01
1.330819672131147513e+02 1.262459016393442681e+02 1.415956284153005527e+02 5.025959124319778759e-01 2.411180906661219703e-01
1.026907216494845301e+02 1.354845360824742215e+02 1.450927835051546424e+02 4.799279850826244087e-01 2.166233098885571307e-01
1.082448979591836746e+02 1.363673469387755119e+02 1.415714285714285836e+02 4.797827654970511779e-01 2.195943798079978415e-01
1.160156250000000000e+02 1.363593750000000000e+02 1.466718750000000000e+02 4.631626819126817840e-01 2.019567757009345377e-01
1.251529411764705912e+02 1.372823529411764696e+02 1.472117647058823593e+02 4.592637886755530641e-01 2.148066703316838522e-01
1.315555555555555429e+02 1.339629629629629619e+02 1.490740740740740762e+02 4.153384153384153676e-01 1.951078804661358634e-01
1.347599999999999909e+02 1.334000000000000057e+02 1.504399999999999977e+02 3.889397089397089724e-01 2.011214953271027728e-01
1.561333333333333258e+02 1.353333333333333428e+02 1.537333333333333201e+02 4.160776160776160637e-01 1.948078920041536877e-01
1.750606060606060623e+02 1.292424242424242493e+02 1.525757575757575637e+02 3.898443898443898492e-01 1.951288586802605307e-01
8.774324324324324209e+01 1.312905405405405475e+02 1.379324324324324209e+02 5.102826319042536030e-01 4.239075524122254968e-01
9.869318181818181301e+01 1.348522727272727195e+02 1.446477272727272805e+02 4.308731808731810498e-01 2.171835174171624361e-01
1.455999999999999943e+02 1.351333333333333258e+02 1.547333333333333201e+02 4.085932085932086344e-01 1.844236760124610131e-01
1.717500000000000000e+02 1.343571428571428612e+02 1.586071428571428612e+02 4.976239976239977270e-01 1.762349799732976785e-01
1.791785714285714164e+02 1.314642857142857224e+02 1.561428571428571388e+02 4.990347490347490367e-01 1.937027147307520958e-01
1.538478260869565304e+02 1.313478260869565304e+02 1.367608695652174049e+02 5.601102775015818214e-01 4.659352566707299359e-01
1.115737704918032733e+02 1.357868852459016296e+02 1.469180327868852487e+02 4.951092328141508125e-01 2.006536949083294885e-01
1.186101694915254257e+02 1.346610169491525539e+02 1.484237288135593360e+02 4.780295288769863538e-01 2.072971117799249918e-01
1.315862068965517153e+02 1.336896551724137794e+02 1.518275862068965409e+02 4.453365832676177694e-01 1.853045439896873481e-01
1.607692307692307736e+02 1.347692307692307736e+02 1.570769230769230660e+02 4.449064449064449311e-01 2.010543973160795472e-01
1.874285714285714164e+02 1.316785714285714164e+02 1.578571428571428612e+02 4.114196614196613533e-01 1.950378282153982235e-01
9.278082191780822541e+01 1.344657534246575210e+02 1.437945205479452113e+02 4.955714407769201135e-01 2.151666453292365999e-01
1.370666666666666629e+02 1.346666666666666572e+02 1.528000000000000114e+02 4.055440055440055480e-01 1.819314641744548267e-01
1.562941176470588118e+02 1.355882352941176521e+02 1.560000000000000000e+02 5.484896661367251181e-01 1.742715777899944973e-01
1.670000000000000000e+02 1.347500000000000000e+02 1.583333333333333428e+02 5.887040887040887460e-01 1.791277258566978114e-01
1.974705882352941160e+02 1.317058823529411882e+02 1.617352941176470722e+02 5.363213892625655621e-01 1.831592450064137567e-01
2.481666666666666572e+02 1.246851851851851904e+02 1.391388888888888857e+02 5.413297913297913100e-01 3.830621899157724553e-01
1.280559167750325003e+02 1.269037711313393970e+02 1.247750325097529327e+02 4.992578854737503291e-01 4.062726606143838293e-01
2.039756097560975547e+02 1.299756097560975547e+02 1.599024390243902474e+02 4.302520156178691879e-01 1.843324975305827840e-01
1.775263157894736707e+02 1.337368421052631504e+02 1.595263157894736707e+02 4.428274428274429075e-01 1.821610100016395895e-01
1.459583333333333428e+02 1.331250000000000000e+02 1.517083333333333428e+02 5.123873873873874274e-01 2.079439252336448829e-01
1.171525423728813564e+02 1.349661016949152668e+02 1.380847457627118615e+02 4.363790126501990718e-01 3.427319288241195694e-01
1.513846153846153868e+02 1.376153846153846132e+02 1.536153846153846132e+02 6.238605469374700618e-01 2.161514497963095693e-01
1.387692307692307736e+02 1.311538461538461604e+02 1.490769230769230660e+02 5.303054533823764460e-01 1.960220464893361880e-01
2.334042553191489446e+02 1.247872340425531945e+02 1.451063829787234170e+02 4.948909629760692708e-01 3.081460860343341879e-01
7.941049382716049365e+01 1.336913580246913682e+02 1.267438271604938222e+02 4.707784707784709033e-01 6.941271489558089591e-01
9.720370370370370949e+01 1.337500000000000000e+02 1.271296296296296333e+02 4.656964656964660554e-01 6.750317295488638125e-01
2.371363636363636260e+02 1.231060606060606091e+02 1.541363636363636260e+02 4.351729351729352047e-01 2.625318606627016771e-01
1.368799999999999955e+02 1.331599999999999966e+02 1.359799999999999898e+02 5.164241164241163418e-01 6.738940809968844148e-01
1.335245901639344197e+02 1.338524590163934533e+02 1.365901639344262435e+02 5.417334105858696569e-01 4.851641897758028898e-01
1.265192307692307736e+02 1.323461538461538396e+02 1.350000000000000000e+02 5.158723812569965261e-01 6.867960699736399555e-01
1.219661016949152526e+02 1.330847457627118615e+02 1.340508474576271283e+02 5.254589661369321041e-01 7.401657954485453272e-01
1.141884057971014528e+02 1.344927536231884062e+02 1.355217391304347814e+02 4.836843532495705977e-01 5.267054946047223796e-01
1.025698924731182728e+02 1.339462365591397770e+02 1.372688172043010866e+02 5.140723850401269779e-01 3.921213948346901068e-01
1.447428571428571331e+02 1.325142857142857054e+02 1.358571428571428612e+02 5.085239085239084966e-01 5.515798842901645793e-01
1.600156250000000000e+02 1.315781250000000000e+02 1.335625000000000000e+02 5.241359147609147007e-01 3.452589563862927258e-01
1.569180327868852487e+02 1.326065573770491710e+02 1.339344262295082046e+02 5.233632118878019934e-01 3.503396149328429354e-01
1.490000000000000000e+02 1.340588235294117680e+02 1.360588235294117680e+02 5.362602421425951560e-01 4.765133467717302951e-01
1.370000000000000000e+02 1.349836065573770441e+02 1.380327868852459119e+02 5.021642070822399662e-01 4.203053980899850717e-01
1.318533333333333246e+02 1.369733333333333292e+02 1.398933333333333451e+02 5.195010395010393189e-01 2.370093457943925341e-01
1.762142857142857224e+02 1.378214285714285836e+02 1.376785714285714164e+02 4.742352242352240732e-01 2.201824655095683536e-01
1.691666666666666572e+02 1.359166666666666572e+02 1.362083333333333428e+02 3.970893970893971114e-01 2.398753894080997151e-01
1.582500000000000000e+02 1.381363636363636260e+02 1.384772727272727195e+02 4.552542052542051798e-01 2.555225148683092362e-01
1.543829787234042499e+02 1.381702127659574444e+02 1.385531914893616943e+02 4.526474100942186052e-01 2.190627692715582664e-01
1.218771929824561369e+02 1.354561403508772059e+02 1.385789473684210407e+02 3.951198161724477909e-01 3.281958791058643965e-01
1.945757575757575637e+02 1.309696969696969688e+02 1.610606060606060623e+02 4.481824481824481787e-01 1.853110544699329565e-01
1.858333333333333428e+02 1.378888888888888857e+02 1.378888888888888857e+02 4.723954723954724155e-01 2.071651090342678803e-01
1.930399999999999920e+02 1.365200000000000102e+02 1.361200000000000045e+02 4.104781704781706453e-01 2.215576323987538399e-01
2.000512820512820440e+02 1.269743589743589780e+02 1.560769230769230660e+02 4.899514899514899602e-01 1.575205687355219486e-01
1.787391304347825951e+02 1.388695652173913118e+02 1.384347826086956559e+02 4.693121214860345169e-01 2.129215765948801464e-01
9.205442176870748483e+01 1.318843537414965965e+02 1.360816326530612344e+02 5.127073698502270238e-01 5.823849789136835708e-01
2.007333333333333201e+02 1.320333333333333314e+02 1.619000000000000057e+02 5.094248094248093883e-01 1.769470404984423151e-01
1.746428571428571388e+02 1.374642857142857224e+02 1.401428571428571388e+02 5.415800415800413603e-01 2.521139296840231858e-01
1.664230769230769340e+02 1.409615384615384528e+02 1.375769230769230660e+02 3.860546937470012430e-01 1.897915168943205555e-01
1.775833333333333428e+02 1.305000000000000000e+02 1.571250000000000000e+02 4.439535689535690222e-01 1.776998961578400704e-01
2.227619047619047592e+02 1.260000000000000000e+02 1.580238095238095184e+02 4.692604692604693817e-01 1.970775849280521907e-01
1.746363636363636260e+02 1.422272727272727195e+02 1.369545454545454675e+02 3.876393876393876559e-01 1.796941376380628008e-01
1.706500000000000057e+02 1.431999999999999886e+02 1.375500000000000114e+02 4.378378378378378066e-01 1.766355140186915140e-01
1.267755102040816269e+02 1.367346938775510239e+02 1.398775510204081627e+02 4.202554202554203977e-01 2.314832475046093574e-01
1.186346153846153868e+02 1.357500000000000000e+02 1.405769230769230660e+02 4.288741404126019119e-01 2.726455787203451719e-01
2.253333333333333428e+02 1.260000000000000000e+02 1.593333333333333428e+02 4.862974862974862034e-01 1.974889077692815464e-01
2.452875816993464184e+02 1.209411764705882320e+02 1.522352941176470722e+02 5.611403258462083210e-01 3.483395435017201391e-01
2.366800000000000068e+02 1.217800000000000011e+02 1.573400000000000034e+02 5.096465696465698469e-01 3.917757009345793073e-01
2.077500000000000000e+02 1.306250000000000000e+02 1.656250000000000000e+02 4.183991683991684085e-01 1.908099688473520184e-01
1.123237179487179418e+02 1.262003205128205110e+02 1.303653846153846132e+02 4.858367983367984921e-01 5.132698298586156893e-01
2.202424242424242493e+02 1.261212121212121247e+02 1.508484848484848442e+02 4.593334593334594262e-01 1.462286415557443320e-01
1.081746031746031775e+02 1.352380952380952408e+02 1.380793650793650897e+02 5.124575124575122542e-01 3.034663501953220321e-01
1.310000000000000000e+02 1.391212121212121247e+02 1.429242424242424363e+02 4.739179739179738560e-01 2.174549230623995799e-01
2.298571428571428612e+02 1.231428571428571388e+02 1.674285714285714164e+02 3.863973863973863554e-01 3.057409879839786404e-01
2.185081967213114638e+02 1.249918032786885220e+02 1.392213114754098342e+02 5.118264544494052215e-01 2.626781063275624439e-01
1.117575757575757507e+02 1.355909090909090935e+02 1.372575757575757507e+02 5.323190323190322149e-01 3.906825261965449214e-01
2.355714285714285836e+02 1.211428571428571388e+02 1.682857142857142776e+02 6.504306504306504033e-01 1.949265687583444373e-01
2.418928571428571388e+02 1.186428571428571388e+02 1.640357142857142776e+02 6.588951588951589278e-01 6.974855362705831840e-01
1.425600000000000023e+02 1.375466666666666526e+02 1.390533333333333417e+02 4.298267498267496212e-01 2.144132917964693408e-01
2.381052631578947398e+02 1.197894736842105203e+02 1.628421052631578902e+02 4.941459678301783898e-01 5.771437940646009235e-01
1.867257617728531898e+02 1.261883656509695300e+02 1.282188365650969502e+02 5.001180596748466822e-01 4.454569774164881535e-01
1.813571428571428612e+02 1.357142857142857224e+02 1.320714285714285836e+02 4.021384021384021845e-01 2.267467734757454001e-01
1.630000000000000000e+02 1.414399999999999977e+02 1.359600000000000080e+02 4.203742203742203976e-01 1.962616822429905372e-01
1.713333333333333428e+02 1.352857142857142776e+02 1.369047619047618980e+02 4.190674190674191779e-01 2.456608811748998977e-01
1.188955223880597032e+02 1.370000000000000000e+02 1.469402985074626997e+02 4.284295776833088598e-01 2.050960152508484458e-01
1.618928571428571388e+02 1.355714285714285836e+02 1.362142857142857224e+02 4.682209682209680923e-01 4.068758344459278975e-01
1.384117647058823479e+02 1.378235294117646959e+02 1.398529411764705799e+02 4.547511312217192292e-01 2.176562213670515666e-01
1.232000000000000028e+02 1.448000000000000114e+02 1.391999999999999886e+02 4.960498960498960774e-01 2.242990654205607171e-01
1.197777777777777715e+02 1.412222222222222285e+02 1.403333333333333428e+02 2.882882882882882303e-01 2.260297680858428249e-01
1.172500000000000000e+02 1.457500000000000000e+02 1.385000000000000000e+02 4.339916839916839741e-01 2.289719626168224276e-01
1.140000000000000000e+02 1.458000000000000114e+02 1.388000000000000114e+02 5.006237006237006515e-01 2.267912772585669590e-01
1.566111111111111143e+02 1.316111111111111143e+02 1.538333333333333428e+02 3.840378840378840253e-01 1.950501903772931533e-01
1.063333333333333286e+02 1.458888888888888857e+02 1.382222222222222285e+02 4.308154308154308887e-01 2.287988923502942418e-01
9.450000000000000000e+01 1.440000000000000000e+02 1.370000000000000000e+02 4.272349272349272864e-01 2.305295950155763218e-01
1.105000000000000000e+02 1.470000000000000000e+02 1.380000000000000000e+02 4.310464310464310889e-01 2.284527518172377869e-01
1.280000000000000000e+02 1.470000000000000000e+02 1.370000000000000000e+02 7.671517671517671388e-01 2.305295950155763218e-01
7.400000000000000000e+01 1.400000000000000000e+02 1.360000000000000000e+02 4.261954261954262191e-01 2.336448598130841103e-01
9.000000000000000000e+01 1.430000000000000000e+02 1.360000000000000000e+02 4.282744282744282982e-01 2.336448598130841103e-01
1.194444444444444429e+02 1.438888888888888857e+02 1.384444444444444571e+02 3.587433587433587756e-01 2.281066112841813598e-01
1.000000000000000000e+02 1.420000000000000000e+02 1.360000000000000000e+02 9.563409563409563940e-02 2.367601246105918988e-01
1.322394366197183047e+02 1.384084507042253449e+02 1.413521126760563504e+02 5.377294954759742618e-01 2.146900092141634520e-01
1.613529411764705799e+02 1.395882352941176521e+02 1.492941176470588118e+02 5.107007459948635919e-01 2.596664834157961232e-01
6.179999999999999716e+01 1.353000000000000114e+02 1.398000000000000114e+02 5.249480249480250604e-01 2.523364485981308136e-01
1.010287539936102235e+02 1.261107561235356798e+02 1.310340788072417411e+02 5.004527752131585627e-01 5.337088902822987313e-01
1.670909090909090935e+02 1.379090909090909065e+02 1.416363636363636260e+02 4.377244377244377538e-01 2.492211838006230806e-01
1.167551020408163254e+02 1.337551020408163254e+02 1.345510204081632537e+02 4.847893419321989694e-01 6.254053023078389728e-01
1.902352941176470722e+02 1.377058823529411882e+02 1.374117647058823479e+02 3.961110431698666723e-01 2.147700201575957202e-01
1.627857142857142776e+02 1.396428571428571388e+02 1.510000000000000000e+02 5.138105138105137915e-01 2.590120160213617573e-01
1.159696969696969688e+02 1.332424242424242493e+02 1.261666666666666714e+02 4.563724563724564920e-01 5.595676390068916595e-01
1.685454545454545325e+02 1.382727272727272805e+02 1.525454545454545325e+02 5.220185220185219466e-01 2.653639195695270403e-01
1.580000000000000000e+02 1.367777777777777715e+02 1.538888888888888857e+02 4.765534765534764627e-01 2.298373139494634676e-01
1.725555555555555429e+02 1.351111111111111143e+02 1.567777777777777715e+02 5.400785400785401702e-01 1.898580823814468299e-01
1.547164449818621392e+02 1.274340991535671037e+02 1.187666263603385772e+02 4.787059406164612674e-01 4.394105482037324872e-01
1.756666666666666572e+02 1.354666666666666686e+02 1.548666666666666742e+02 4.210672210672210536e-01 2.382139148494288317e-01
1.557272727272727195e+02 1.368181818181818130e+02 1.490909090909090935e+02 4.186354186354186435e-01 2.463891248937978007e-01
1.796923076923076792e+02 1.343076923076923208e+02 1.529230769230769340e+02 4.784903246441708502e-01 2.619218787443086116e-01
1.384896214896214985e+02 1.275347985347985400e+02 1.217777777777777715e+02 4.908780293395676453e-01 4.001993160871664124e-01
1.706153846153846132e+02 1.363846153846153868e+02 1.516923076923076792e+02 3.732608347992963926e-01 2.362808531032829784e-01
1.935914221218961586e+02 1.264740406320541695e+02 1.285191873589164686e+02 5.328674741767291945e-01 4.971062495165361472e-01
2.230465116279069662e+02 1.258372093023255758e+02 1.533488372093023315e+02 4.436493738819320409e-01 1.659784104904730440e-01
1.155000000000000000e+02 1.375000000000000000e+02 1.550000000000000000e+02 7.193347193347193747e-01 2.694704049844236504e-01
1.280000000000000000e+02 1.370000000000000000e+02 1.580000000000000000e+02 8.877338877338877277e-01 2.679127725856697562e-01
1.410000000000000000e+02 1.370000000000000000e+02 1.600000000000000000e+02 8.898128898128898623e-01 2.679127725856697562e-01
1.586666666666666572e+02 1.370000000000000000e+02 1.616666666666666572e+02 5.606375606375606502e-01 2.710280373831775447e-01
1.786041666666666572e+02 1.270781250000000000e+02 1.234947916666666714e+02 4.538396569646570011e-01 4.311234423676017502e-01
1.090789473684210549e+02 1.328815789473684106e+02 1.340789473684210407e+02 5.438231754021227715e-01 6.241596983111987740e-01
1.488333333333333428e+02 1.317333333333333201e+02 1.267833333333333314e+02 4.572765072765075378e-01 6.142263759086190600e-01
1.656875000000000000e+02 1.381875000000000000e+02 1.442500000000000000e+02 5.136434511434511130e-01 2.657710280373831724e-01
1.235000000000000000e+02 1.370000000000000000e+02 1.565000000000000000e+02 3.866943866943867159e-01 2.694704049844236504e-01
1.320000000000000000e+02 1.383333333333333428e+02 1.573333333333333428e+02 3.333333333333333148e-01 2.731048805815161074e-01
1.460000000000000000e+02 1.390000000000000000e+02 1.615000000000000000e+02 3.929313929313928977e-01 2.725856697819314389e-01
1.194252336448598157e+02 1.263691588785046775e+02 1.292196261682242948e+02 5.014280995589402989e-01 5.008346192292402188e-01
1.522173913043478137e+02 1.331956521739130324e+02 1.347826086956521863e+02 4.948024948024947745e-01 4.650548557496950730e-01
1.370000000000000000e+02 1.400000000000000000e+02 1.590000000000000000e+02 2.245322245322245447e-01 2.741433021806853332e-01
1.304331288343558413e+02 1.272012269938650348e+02 1.238294478527607367e+02 4.940703799599506785e-01 4.001490740209847075e-01
1.426250000000000000e+02 1.319499999999999886e+02 1.272999999999999972e+02 4.561330561330560474e-01 5.859813084112152071e-01
1.865000000000000000e+02 1.355000000000000000e+02 1.455000000000000000e+02 8.752598752598752530e-01 2.803738317757009102e-01
1.241886792452830122e+02 1.360377358490566166e+02 1.394528301886792576e+02 3.919899580276938744e-01 2.836654323164639613e-01
1.728571428571428612e+02 1.327142857142857224e+02 1.500714285714285836e+02 4.796554796554796662e-01 2.512238540275923415e-01
1.851724137931034591e+02 1.284482758620689538e+02 1.537241379310344769e+02 4.618252204459101784e-01 1.232140938876356284e-01
1.524673304293714864e+02 1.273727442439328001e+02 1.189782202862476623e+02 4.872640099771401445e-01 4.353829720828077954e-01
1.410350877192982466e+02 1.347894736842105203e+02 1.385087719298245474e+02 4.347302768355401081e-01 3.751981199103677778e-01
1.510810810810810949e+02 1.320270270270270316e+02 1.389189189189189051e+02 4.859245940327020508e-01 4.900227330133871684e-01
1.578709677419354875e+02 1.342580645161290249e+02 1.401612903225806406e+02 5.643484675742738155e-01 3.589588986031553852e-01
1.965000000000000000e+02 1.340000000000000000e+02 1.465000000000000000e+02 8.773388773388773876e-01 2.803738317757009102e-01
5.650000000000000000e+01 1.290000000000000000e+02 1.435000000000000000e+02 5.717255717255718128e-01 4.641744548286603766e-01
1.580250000000000057e+02 1.267999999999999972e+02 1.259874999999999972e+02 5.199064449064449978e-01 4.194119937694701927e-01
1.649589041095890423e+02 1.261643835616438309e+02 1.368493150684931550e+02 5.401703072935949423e-01 3.838603678572951039e-01
1.208352941176470523e+02 1.262999999999999972e+02 1.358117647058823536e+02 4.970649382414089046e-01 4.594649074583099235e-01
8.715458937198067702e+01 1.341256038647343019e+02 1.265169082125603808e+02 4.717928630972108017e-01 6.899634295002027295e-01
1.583516483516483504e+02 1.259120879120879124e+02 1.387142857142857224e+02 4.905302597610289861e-01 3.905035774194651199e-01
1.699893617021276668e+02 1.272446808510638334e+02 1.383191489361702224e+02 5.934002742513379003e-01 4.011069132365613354e-01
2.416666666666666572e+02 1.171111111111111143e+02 1.668611111111111143e+02 5.259297759297760777e-01 8.318622360678438188e-01
2.398857142857142719e+02 1.150000000000000000e+02 1.719428571428571502e+02 6.142560142560143932e-01 8.663996439697377872e-01
2.309444444444444571e+02 1.175000000000000000e+02 1.642777777777777715e+02 4.878724878724879921e-01 8.527172031844930666e-01
1.609230769230769340e+02 1.219487179487179418e+02 1.485897435897435912e+02 4.620182312490004883e-01 3.199137311286844310e-01
2.225999999999999943e+02 1.169333333333333371e+02 1.673333333333333428e+02 3.007623007623007605e-01 8.496365524402907932e-01
2.096938775510204209e+02 1.174693877551020478e+02 1.708571428571428612e+02 4.364631507488651030e-01 8.324750460932036633e-01
2.054186046511627808e+02 1.122325581395348877e+02 1.754418604651162923e+02 5.315476478267175953e-01 9.086430486126203521e-01
1.879375000000000000e+02 1.149375000000000000e+02 1.666875000000000000e+02 5.291060291060291076e-01 8.617601246105921486e-01
1.651538461538461604e+02 1.173076923076923066e+02 1.598461538461538396e+02 4.033264033264032933e-01 8.576563623292596805e-01
2.231830985915492818e+02 1.145774647887323994e+02 1.748732394366197127e+02 4.402213697988345831e-01 8.872800666929933078e-01
1.729210526315789593e+02 1.107105263157894797e+02 1.717105263157894797e+02 5.746252325199693312e-01 9.116248565338579413e-01
1.659310344827586334e+02 1.124137931034482705e+02 1.698965517241379359e+02 4.769517528138216833e-01 9.474701901385756964e-01
2.114659090909090935e+02 1.095000000000000000e+02 1.804886363636363740e+02 4.625543375543373359e-01 9.196049277824982493e-01
1.594444444444444571e+02 1.110833333333333286e+02 1.687222222222222285e+02 4.840032340032338620e-01 9.251471097265491217e-01
2.047017543859649038e+02 1.085438596491228083e+02 1.790350877192982466e+02 5.570266622898202291e-01 9.130458545116693081e-01
1.384000000000000057e+02 1.130000000000000000e+02 1.579000000000000057e+02 4.374220374220373908e-01 8.137071651090341806e-01
1.197941176470588260e+02 1.139117647058823479e+02 1.557647058823529278e+02 4.771921242509478134e-01 9.403518416712480787e-01
1.993404255319148888e+02 1.085319148936170279e+02 1.770425531914893611e+02 5.482815057283142446e-01 9.121097633724400966e-01
1.209268292682926784e+02 1.110000000000000000e+02 1.577804878048780495e+02 6.636073221439078296e-01 9.234100752222477171e-01
1.160000000000000000e+02 1.164000000000000057e+02 1.479000000000000057e+02 6.430353430353429323e-01 2.704049844236759981e-01
1.494687500000000000e+02 1.107812500000000000e+02 1.639062500000000000e+02 4.426325363825363568e-01 9.180295950155765716e-01
1.013448275862068897e+02 1.134942528735632123e+02 1.501494252873563084e+02 4.831648624752071797e-01 9.668421241092838292e-01
1.332142857142857224e+02 1.108214285714285694e+02 1.601428571428571388e+02 4.232254232254231696e-01 9.284601691143749003e-01
1.749090909090909065e+02 1.109393939393939377e+02 1.702121212121212182e+02 6.139356139356140218e-01 9.058812423298405747e-01
1.692368421052631504e+02 1.119473684210526301e+02 1.689210526315789593e+02 4.947477842214685895e-01 9.266273159534351711e-01
9.634375000000000000e+01 1.126145833333333286e+02 1.488229166666666572e+02 4.430223492723490697e-01 9.775765835929379755e-01
2.069365079365079225e+02 1.082222222222222285e+02 1.803333333333333428e+02 5.305415305415306371e-01 9.188053206744802859e-01
1.613870967741935374e+02 1.088064516129032313e+02 1.692258064516128968e+02 5.305479176446917799e-01 9.240277359059392293e-01
1.072413793103448256e+02 1.136034482758620641e+02 1.531551724137931103e+02 4.491361387913111458e-01 9.499409173917715554e-01
8.851190476190475920e+01 1.148452380952381020e+02 1.450714285714285836e+02 4.684932184932185106e-01 9.661771250556292490e-01
9.278260869565217206e+01 1.130543478260869534e+02 1.476195652173913118e+02 4.996384344210431094e-01 9.826290125965053690e-01
1.177894736842105203e+02 1.143684210526315752e+02 1.547368421052631504e+02 4.794835321151110774e-01 9.465486145269716989e-01
1.309666666666666686e+02 1.106333333333333400e+02 1.596999999999999886e+02 4.990297990297989372e-01 9.288681204569058103e-01
1.621923076923076792e+02 1.156538461538461604e+02 1.663076923076923208e+02 4.841675995522149445e-01 9.479990414569855472e-01
1.378846153846153868e+02 1.096923076923076934e+02 1.633846153846153868e+02 4.096433711818325829e-01 9.357776180206086591e-01
1.503750000000000000e+02 1.160416666666666714e+02 1.636666666666666572e+02 5.021656271656272930e-01 9.465212876427829825e-01
1.410666666666666629e+02 1.172666666666666657e+02 1.610000000000000000e+02 5.800415800415802403e-01 9.501557632398754949e-01
1.721538461538461604e+02 1.163076923076923066e+02 1.660000000000000000e+02 4.054054054054053724e-01 9.456026839204411116e-01
1.427333333333333201e+02 1.189333333333333371e+02 1.595333333333333314e+02 5.532917532917533965e-01 9.347871235721704197e-01
9.941904761904761756e+01 1.129904761904761870e+02 1.496095238095238074e+02 4.622314622314619981e-01 9.720219551995235019e-01
9.516363636363635692e+01 1.160363636363636317e+02 1.453272727272727138e+02 4.869778869778870201e-01 9.145851033701501986e-01
1.614583333333333428e+02 1.170833333333333286e+02 1.639166666666666572e+02 4.199584199584198707e-01 9.406801661474558651e-01
1.534482758620689538e+02 1.144137931034482705e+02 1.654137931034482847e+02 6.264248333213848774e-01 9.241594156192931564e-01
1.327826086956521863e+02 1.161304347826087024e+02 1.596086956521739069e+02 4.611768959595046735e-01 9.662738724095897291e-01
2.183333333333333428e+02 1.216190476190476204e+02 1.536190476190476204e+02 4.304524304524304235e-01 6.257231864708499014e-01
6.400000000000000000e+01 1.180000000000000000e+02 1.460000000000000000e+02 4.864864864864865135e-01 9.127725856697819218e-01
1.474583333333333428e+02 1.129583333333333286e+02 1.635000000000000000e+02 4.135481635481635387e-01 9.410695742471443248e-01
6.750000000000000000e+01 1.145000000000000000e+02 1.443333333333333428e+02 5.207900207900207912e-01 9.153686396677050974e-01
7.500000000000000000e+01 1.170000000000000000e+02 1.530000000000000000e+02 1.538461538461538547e-01 9.158878504672897103e-01
9.075000000000000000e+01 1.160000000000000000e+02 1.555000000000000000e+02 6.533264033264033488e-01 9.158878504672897103e-01
1.132142857142857082e+02 1.206428571428571388e+02 1.545000000000000000e+02 5.816750816750816400e-01 9.401424121050289129e-01
1.260000000000000000e+02 1.203157894736842053e+02 1.573157894736842195e+02 4.932705985337563770e-01 8.127561895392687585e-01
1.095000000000000000e+02 1.145000000000000000e+02 1.630000000000000000e+02 6.548856548856549775e-01 9.174454828660436601e-01
1.720000000000000000e+02 1.200000000000000000e+02 1.623076923076923208e+02 4.750519750519750506e-01 8.085310328300983063e-01
1.615999999999999943e+02 1.186400000000000006e+02 1.620800000000000125e+02 4.465696465696465944e-01 9.489096573208724017e-01
1.336363636363636260e+02 1.220909090909090935e+02 1.561818181818181870e+02 4.222264222264222600e-01 8.654772019258001325e-01
1.150000000000000000e+02 1.140000000000000000e+02 1.660000000000000000e+02 4.885654885654885926e-01 9.190031152647974988e-01
1.300000000000000000e+02 1.140000000000000000e+02 1.680000000000000000e+02 4.906444906444906717e-01 9.190031152647974988e-01
1.995416666666666572e+02 1.047500000000000000e+02 1.818750000000000000e+02 4.106895356895357008e-01 9.218587746625129808e-01
1.386666666666666572e+02 1.106666666666666714e+02 1.690000000000000000e+02 1.420651420651420638e-01 9.595015576323987494e-01
1.420000000000000000e+02 1.130000000000000000e+02 1.730000000000000000e+02 1.559251559251559338e-01 9.221183800623052873e-01
1.863285714285714221e+02 1.278666666666666600e+02 1.349809523809523739e+02 5.910107910107907925e-01 4.350838154576465722e-01
2.140731707317073074e+02 1.031951219512195053e+02 1.863658536585365937e+02 4.539323563713807963e-01 9.294126586125674994e-01
1.910000000000000000e+02 1.048888888888888857e+02 1.816666666666666572e+02 4.312774312774313445e-01 9.318103149878851355e-01
1.888888888888888857e+02 1.056666666666666714e+02 1.806666666666666572e+02 4.467544467544468101e-01 9.283489096573210864e-01
1.660000000000000000e+02 1.047500000000000000e+02 1.745000000000000000e+02 5.535343035343035512e-01 9.244548286604361564e-01
1.700000000000000000e+02 1.120000000000000000e+02 1.780000000000000000e+02 8.232848232848233305e-01 9.221183800623052873e-01
1.916845238095237960e+02 1.257976190476190510e+02 1.413035714285714164e+02 5.553781803781802084e-01 2.048286604361372054e-01
1.725116279069767415e+02 1.214418604651162781e+02 1.540930232558139608e+02 4.361552966204126358e-01 4.654785191625008811e-01
2.199166666666666572e+02 1.050625000000000000e+02 1.860833333333333428e+02 4.183991683991684085e-01 9.251687435098651102e-01
1.828000000000000114e+02 1.040000000000000000e+02 1.774000000000000057e+02 3.305613305613305797e-01 9.252336448598130758e-01
1.660000000000000000e+02 1.211052631578947398e+02 1.537631578947368496e+02 5.250027355290513009e-01 4.523692408591573622e-01
1.776153846153846132e+02 1.162307692307692264e+02 1.626153846153846132e+02 5.043978890132736481e-01 7.186676252096813045e-01
2.169111111111110972e+02 1.033333333333333286e+02 1.871333333333333258e+02 3.811041811041812610e-01 9.297334717895467948e-01
2.225000000000000000e+02 1.033437500000000000e+02 1.874375000000000000e+02 4.918788981288983453e-01 9.306853582554514004e-01
1.314565217391304373e+02 1.322391304347825951e+02 1.351521739130434696e+02 5.266654614480700269e-01 6.124881484491397909e-01
1.639285714285714164e+02 1.245714285714285694e+02 1.532500000000000000e+02 4.670329670329670946e-01 5.571873609256787763e-01
1.536923076923076792e+02 1.213076923076923066e+02 1.506153846153846132e+02 6.321765552534782673e-01 3.011023244668104004e-01
1.567500000000000000e+02 1.201562500000000000e+02 1.584375000000000000e+02 5.268970893970894576e-01 6.494353582554517335e-01
1.996363636363636260e+02 1.143333333333333286e+02 1.713939393939394051e+02 4.854784854784854886e-01 9.011611441517981547e-01
1.614722222222222285e+02 1.219722222222222285e+02 1.576111111111111143e+02 5.761723261723263878e-01 5.025095188646591104e-01
2.146142857142857281e+02 1.132857142857142918e+02 1.769285714285714164e+02 3.753786753786754193e-01 9.322207387627950981e-01
1.856999999999999886e+02 1.162500000000000000e+02 1.683499999999999943e+02 4.320166320166320406e-01 8.087227414330218078e-01
1.890000000000000000e+02 1.194062500000000000e+02 1.632812500000000000e+02 2.485057172557172400e-01 7.430880062305296185e-01
1.705000000000000000e+02 1.205000000000000000e+02 1.710000000000000000e+02 2.603950103950104511e-01 9.641744548286603766e-01
1.670000000000000000e+02 1.210000000000000000e+02 1.695000000000000000e+02 2.598752598752598897e-01 9.641744548286603766e-01
1.870526315789473699e+02 1.167894736842105203e+02 1.709473684210526301e+02 5.002735529051319796e-01 7.063453025086080528e-01
1.112361111111111143e+02 1.329166666666666572e+02 1.345277777777777715e+02 5.254677754677753443e-01 6.275527864312910875e-01
1.030149253731343322e+02 1.309850746268656678e+02 1.339253731343283675e+02 4.819716386880563697e-01 6.096619705212257267e-01
9.049397590361445509e+01 1.137831325301204828e+02 1.466265060240963862e+02 4.843323397540265085e-01 9.715872837142967011e-01
8.142617449664429330e+01 1.338053691275167694e+02 1.268187919463087212e+02 4.858237173673414233e-01 6.996069330322606250e-01
2.140769230769230660e+02 1.210769230769230802e+02 1.629230769230769340e+02 3.505517351671197934e-01 4.483584950874670572e-01
1.363333333333333428e+02 1.174166666666666714e+02 1.595000000000000000e+02 5.374220374220375351e-01 9.649532710280374070e-01
1.638260869565217490e+02 1.180869565217391255e+02 1.621739130434782510e+02 4.359576968272620978e-01 9.451442503047544630e-01
1.224615384615384670e+02 1.160769230769230802e+02 1.510769230769230660e+02 3.375979529825683945e-01 6.383896477354421561e-01
7.700000000000000000e+01 1.240000000000000000e+02 1.510000000000000000e+02 3.471933471933472126e-01 1.000000000000000000e+00
1.232142857142857082e+02 1.206428571428571388e+02 1.562857142857142776e+02 4.942084942084942201e-01 9.506008010680907505e-01
