7.863450292397661201e+01 1.321122357174988622e+02 9.140800719748088454e+01 4.847422944588937188e-01 5.922296355154155895e-02
7.156951423785594102e+01 1.310489949748743754e+02 9.404773869346733761e+01 4.749858091566631635e-01 6.079984554130866969e-02
7.627272727272726627e+01 1.230909090909090935e+02 1.063636363636363598e+02 5.339255339255339905e-01 1.302747097139620412e-02
7.500000000000000000e+01 1.230000000000000000e+02 1.140000000000000000e+02 3.097713097713097885e-01 3.115264797507788074e-03
8.002742508887760664e+01 1.174753682072117869e+02 1.318699847638395113e+02 4.913857092628041712e-01 9.443334298448338160e-01
8.404999999999999716e+01 1.212500000000000000e+02 1.160499999999999972e+02 5.173596673596674300e-01 2.182242990654205406e-01
6.610102647217719607e+01 1.308676391139924249e+02 9.555375472717450691e+01 5.072091166094407910e-01 6.485338395848933013e-02
6.350437636761488136e+01 1.310426695842450897e+02 9.584573304157548534e+01 5.252528239399137933e-01 6.212294729953488082e-02
5.882918149466192403e+01 1.309193357058125855e+02 9.705575326215895871e+01 5.321160196605039250e-01 5.443583404470695580e-02
5.359580052493438274e+01 1.304429133858267846e+02 9.894422572178477537e+01 5.447312848887653214e-01 5.025919657239045352e-02
8.835294117647059409e+01 1.207647058823529420e+02 1.190588235294117680e+02 4.538339244221596958e-01 3.388308594465823664e-01
9.591111111111111143e+01 1.201333333333333400e+02 1.190222222222222257e+02 5.312081312081311513e-01 2.243682935271720247e-01
8.494951543835925634e+01 1.323033581248591304e+02 8.993666892044174688e+01 4.981363013817375340e-01 9.904253175470795201e-02
8.000000000000000000e+01 1.230000000000000000e+02 1.055999999999999943e+02 5.261954261954262524e-01 2.118380062305295908e-02
8.942857142857143060e+01 1.225714285714285694e+02 1.080476190476190510e+02 6.069696069696070007e-01 3.693813974187806076e-02
1.031176470588235361e+02 1.197941176470588260e+02 1.194117647058823479e+02 5.469609881374587479e-01 2.259483232545354825e-01
1.072413793103448256e+02 1.199310344827586192e+02 1.198620689655172384e+02 4.986020503261882064e-01 1.658609947362767179e-01
8.629999999999999716e+01 1.212000000000000028e+02 1.145499999999999972e+02 4.098752598752598564e-01 2.901869158878504495e-01
1.174751381215469621e+02 1.172845303867403288e+02 1.344429097605893162e+02 5.109329473970356528e-01 8.171718214832800475e-01
1.145625000000000000e+02 1.195312500000000000e+02 1.174375000000000000e+02 4.905795218295219695e-01 2.892328660436137011e-01
9.645714285714285552e+01 1.232285714285714278e+02 1.085142857142857196e+02 5.540837540837540987e-01 1.542501112594570623e-01
1.013521581282775372e+02 1.170685760387252969e+02 1.353118192819685248e+02 5.191148264968348247e-01 9.044220674852442299e-01
9.256521739130434412e+01 1.210000000000000000e+02 1.133913043478260931e+02 6.032721684895597791e-01 1.423540566165515386e-01
9.571763754045306882e+01 1.172350323624595489e+02 1.345958737864077648e+02 5.082436805737774455e-01 9.170711974109962972e-01
9.795174050632911644e+01 1.170921677215189902e+02 1.350272943037974755e+02 5.126146411747674048e-01 9.150732974486229798e-01
9.016592811422944465e+01 1.173815854258985780e+02 1.336971935007385639e+02 4.900722788462818502e-01 9.263640979153340282e-01
9.903225806451612812e+01 1.213548387096774235e+02 1.130967741935483843e+02 5.400710884581853000e-01 2.502261079288513601e-01
8.716541353383458102e+01 1.174355889724310771e+02 1.327218045112782079e+02 4.743053058842530145e-01 9.366781439580267321e-01
8.360758293838863153e+01 1.174440758293838911e+02 1.320563981042654120e+02 4.802218915962988555e-01 9.451521459892803234e-01
8.252362040133779431e+01 1.322794732441471695e+02 9.035451505016722251e+01 4.957594267794934173e-01 7.831726210942006883e-02
9.548756218905472792e+01 1.285174129353233923e+02 9.496517412935322966e+01 4.463441627620731156e-01 2.472295841663941229e-01
1.029230769230769198e+02 1.223076923076923066e+02 1.119615384615384670e+02 5.082360466975852642e-01 2.366403067337646271e-01
1.041299999999999955e+02 1.335861290322580714e+02 8.474419354838710206e+01 5.308329421232645950e-01 1.921646065722040220e-01
8.795505617977528345e+01 1.324778720476954845e+02 8.911327677138271497e+01 4.998338609895585094e-01 1.157369805004853786e-01
1.198935281837160716e+02 1.171440501043841351e+02 1.349540709812108616e+02 5.176433057435146923e-01 8.090680870713254924e-01
1.284734133790737474e+02 1.175025728987993148e+02 1.375283018867924625e+02 5.215585026905784627e-01 7.798795573438492834e-01
1.306905222437137297e+02 1.173462282398452601e+02 1.389013539651837448e+02 5.343678747934071938e-01 7.750863175400843907e-01
1.255555555555555571e+02 1.207777777777777715e+02 1.197222222222222285e+02 5.775005775005775943e-01 2.249913464866735990e-01
1.124516129032258078e+02 1.261075268817204318e+02 9.827419354838710319e+01 3.908188585607941246e-01 2.454359695842965317e-01
1.231065088757396495e+02 1.251538461538461604e+02 9.979881656804734291e+01 4.639619136660556586e-01 2.570369960736602066e-01
6.875538461538461377e+01 1.307199999999999989e+02 9.510153846153846757e+01 4.827122980969135169e-01 6.654525121814749977e-02
1.395514950166112840e+02 1.176179401993355498e+02 1.407607973421926886e+02 5.215808704180795452e-01 7.330808002401116852e-01
1.332272727272727195e+02 1.184545454545454533e+02 1.252727272727272663e+02 4.464184464184464685e-01 3.741149815916171573e-01
1.301034482758620641e+02 1.199310344827586192e+02 1.110344827586206833e+02 4.006021937056420956e-01 3.845740681061339816e-01
1.350344827586206975e+02 1.196551724137931103e+02 1.124137931034482705e+02 4.797476521614453260e-01 3.396712858524009171e-01
1.104203821656050906e+02 1.257961783439490375e+02 1.001210191082802510e+02 4.380867884052597194e-01 2.044962993828997877e-01
1.193850574712643748e+02 1.257356321839080522e+02 9.854597701149425859e+01 4.672258465361911473e-01 2.686289254126830173e-01
1.266194029850746290e+02 1.242313432835820919e+02 1.032164179104477597e+02 4.990691035467155756e-01 2.043520714186078391e-01
1.355367647058823479e+02 1.239338235294117680e+02 1.042573529411764639e+02 4.759691818515346395e-01 2.000183250870440632e-01
1.475148514851485118e+02 1.231287128712871350e+02 1.062673267326732685e+02 5.295691731335294694e-01 1.928379753863236068e-01
1.410114942528735753e+02 1.235287356321839098e+02 1.041954022988505812e+02 4.970965660620833559e-01 2.017760590109929919e-01
1.310999999999999943e+02 1.195000000000000000e+02 1.153499999999999943e+02 4.392931392931392343e-01 3.633956386292834795e-01
1.416857142857142833e+02 1.212000000000000028e+02 1.205714285714285694e+02 5.385209385209387412e-01 2.388963061860258086e-01
1.486399999999999864e+02 1.191200000000000045e+02 1.287599999999999909e+02 5.356340956340955861e-01 2.874766355140186969e-01
1.543522727272727195e+02 1.223409090909090935e+02 1.053863636363636402e+02 4.486155736155735818e-01 1.983149249504390366e-01
1.579870129870129745e+02 1.211753246753246742e+02 1.008766233766233711e+02 4.443124443124444878e-01 2.945138973176349984e-01
1.479615384615384528e+02 1.205769230769230802e+02 1.190000000000000000e+02 5.277466815928355537e-01 2.749820273184758745e-01
1.576956521739130324e+02 1.178695652173912976e+02 1.264782608695652186e+02 4.334267377745638083e-01 3.973994311255587553e-01
1.650000000000000000e+02 1.183333333333333286e+02 1.348750000000000000e+02 4.529625779625779392e-01 3.313862928348910164e-01
1.063726937269372712e+02 1.182730627306273021e+02 1.441623616236162491e+02 4.648602619082323195e-01 6.061086779092071941e-01
1.318449612403100843e+02 1.243023255813953512e+02 1.035193798449612359e+02 5.057132266434589685e-01 2.073462290806346031e-01
1.517307692307692264e+02 1.180769230769230802e+02 1.201538461538461604e+02 4.609787302094995320e-01 3.782650371435418157e-01
1.598636363636363740e+02 1.178181818181818130e+02 1.269545454545454533e+02 3.986958986958987206e-01 3.954970263381478168e-01
9.427152317880795351e+01 1.158940397350993408e+02 1.464701986754966754e+02 4.651457366689153994e-01 5.856697819314635733e-01
8.805263157894736992e+01 1.088468899521531057e+02 1.518217703349282317e+02 4.927558217031899335e-01 6.413719089567623266e-01
9.240880503144654767e+01 1.163899371069182394e+02 1.457798742138364787e+02 4.259339164999543237e-01 5.925860616391382951e-01
1.093770491803278730e+02 1.184672131147541023e+02 1.461147540983606632e+02 4.543301182645445579e-01 5.714085082477903255e-01
1.002814371257484964e+02 1.161077844311377305e+02 1.482994011976047943e+02 4.874824156261279295e-01 6.049956162441466612e-01
1.300199004975124240e+02 1.188805970149253710e+02 1.490298507462686644e+02 4.671548701399449444e-01 5.608251577005936017e-01
1.379662162162162247e+02 1.192500000000000000e+02 1.542500000000000000e+02 4.491487329325168920e-01 4.557548202408014948e-01
1.140105820105820129e+02 1.190052910052909994e+02 1.489047619047618980e+02 4.668184668184668928e-01 4.691358024691358874e-01
1.189942528735632123e+02 1.187586206896551744e+02 1.496379310344827616e+02 4.106984969053933399e-01 5.191212804812543880e-01
1.657973421926910191e+02 1.206544850498338803e+02 1.575813953488372192e+02 4.693640740152363877e-01 3.789445358669439878e-01
1.610121457489878480e+02 1.208016194331983826e+02 1.586882591093117298e+02 4.471201191848968026e-01 3.445205393065703947e-01
1.519230769230769340e+02 1.216923076923076934e+02 1.620096153846153868e+02 4.510434991204222421e-01 3.141924275101846131e-01
8.834999999999999432e+01 1.213499999999999943e+02 1.127500000000000000e+02 4.686070686070684665e-01 2.504672897196261738e-01
1.170880503144654057e+02 1.259056603773584868e+02 9.796855345911949087e+01 4.195923063847592505e-01 2.765924097258957715e-01
1.050000000000000000e+02 1.235000000000000000e+02 1.562500000000000000e+02 7.016632016632016189e-01 2.936137071651090391e-01
1.509324324324324209e+02 1.201824324324324351e+02 1.565878378378378386e+02 4.722003708490195018e-01 4.215711038140946831e-01
1.797011494252873547e+02 1.201522988505747094e+02 1.625804597701149419e+02 4.578882596123978188e-01 3.678160919540224283e-01
1.719166666666666572e+02 1.190000000000000000e+02 1.766666666666666572e+02 4.024601524601524871e-01 8.722741433021806434e-02
1.652666666666666799e+02 1.210000000000000000e+02 1.731999999999999886e+02 4.464310464310464743e-01 1.019730010384215929e-01
1.608333333333333428e+02 1.213333333333333286e+02 1.725000000000000000e+02 5.138600138600138978e-01 8.670820353063342367e-02
1.896315789473684106e+02 1.198421052631578902e+02 1.783157894736842195e+02 3.967611336032389469e-01 1.375635350057386186e-01
1.772666666666666799e+02 1.205666666666666629e+02 1.741999999999999886e+02 4.725571725571726112e-01 2.228452751817237842e-01
1.227197802197802190e+02 1.186868131868131826e+02 1.500384615384615472e+02 4.426789426789429216e-01 5.514361028379717311e-01
1.159479166666666714e+02 1.106979166666666714e+02 1.582812500000000000e+02 5.511088011088011163e-01 6.378504672897185035e-01
1.846111111111111143e+02 1.206666666666666714e+02 1.777222222222222285e+02 3.179718179718180049e-01 1.126687435098649992e-01
1.814230769230769340e+02 1.205769230769230802e+02 1.769230769230769340e+02 3.166480089557012767e-01 9.813084112149529636e-02
1.321176470588235361e+02 1.201764705882352899e+02 1.210000000000000000e+02 4.890546655252537844e-01 2.930181418361737511e-01
1.543000000000000114e+02 1.205999999999999943e+02 1.708000000000000114e+02 5.596673596673596984e-01 1.342679127725856514e-01
1.673750000000000000e+02 1.212500000000000000e+02 1.736875000000000000e+02 4.832380457380457961e-01 1.020249221183800598e-01
1.521277533039647665e+02 1.179911894273127757e+02 1.439779735682819251e+02 4.244278164983010804e-01 7.257469087515604489e-01
1.395000000000000000e+02 1.199749999999999943e+02 1.124000000000000057e+02 4.846153846153845590e-01 3.348130841121495505e-01
9.153235225414623244e+01 1.328231721560383107e+02 8.805699602896520162e+01 5.013483646980492203e-01 1.348805596852278854e-01
1.219285714285714306e+02 1.202857142857142918e+02 1.180000000000000000e+02 5.331155331155330579e-01 2.692478860703159671e-01
1.720369127516778462e+02 1.206879194630872547e+02 1.628993288590604038e+02 4.307650448590043535e-01 3.526207949152185273e-01
2.064230000000000018e+02 1.192840000000000060e+02 1.611289999999999907e+02 4.467962577962577564e-01 4.232897196261687922e-01
1.843038674033149107e+02 1.199751381215469621e+02 1.614198895027624303e+02 4.270741204442865535e-01 3.625066694204912565e-01
1.751162790697674438e+02 1.203662790697674438e+02 1.623720930232558146e+02 4.362278199487502062e-01 3.594327320147787108e-01
1.629209302325581348e+02 1.179348837209302303e+02 1.440651162790697697e+02 4.770584538026398369e-01 7.241034557704851826e-01
1.501538461538461604e+02 1.196153846153846132e+02 1.305769230769230660e+02 5.650887573964497035e-01 2.989456026839204528e-01
1.579802631578947398e+02 1.196578947368421098e+02 1.513618421052631504e+02 4.302029762556078829e-01 5.437161829808164759e-01
1.359473684210526301e+02 1.190000000000000000e+02 1.240526315789473699e+02 4.319947477842215333e-01 2.723397278242334907e-01
1.281153846153846132e+02 1.202307692307692264e+02 1.112692307692307736e+02 4.521829521829522913e-01 3.733525041936257005e-01
1.745277777777777715e+02 1.187777777777777715e+02 1.367222222222222285e+02 5.431392931392932111e-01 3.684665974385599729e-01
2.090286368843069909e+02 1.188602520045818949e+02 1.649186712485681596e+02 4.388170883016244694e-01 4.298601520877270987e-01
1.319572192513369089e+02 1.190695187165775337e+02 1.498983957219251408e+02 4.925567278508455882e-01 5.332766921551969075e-01
1.356477272727272805e+02 1.194772727272727337e+02 1.512443181818181870e+02 4.800250425250423558e-01 5.167091475502689768e-01
1.464179104477611872e+02 1.192537313432835759e+02 1.495621890547263604e+02 4.480921794354628118e-01 5.579423753506603800e-01
1.005000000000000000e+02 1.268750000000000000e+02 1.506250000000000000e+02 5.888773388773389517e-01 3.535825545171338846e-01
1.890828402366863941e+02 1.197899408284023650e+02 1.563461538461538396e+02 4.847519344560762833e-01 4.013806706114395606e-01
1.422681564245810080e+02 1.192625698324022352e+02 1.502178770949720672e+02 4.475777883599112439e-01 5.517499434379292689e-01
1.390031847133757879e+02 1.176178343949044631e+02 1.430700636942675033e+02 4.988214574201834672e-01 7.053296823223588197e-01
1.469696969696969688e+02 1.207500000000000000e+02 1.568257575757575637e+02 4.787374787374789054e-01 3.988718965354479673e-01
1.915918367346938851e+02 1.188231292517006779e+02 1.496938775510204209e+02 4.511293082721656300e-01 6.041494479411699814e-01
1.169736842105263150e+02 1.188578947368420984e+02 1.490210526315789537e+02 4.351351351351349095e-01 4.880472208558778169e-01
1.906285714285714334e+02 1.197904761904761841e+02 1.633174603174603305e+02 4.348612348612352907e-01 3.932057558225781624e-01
1.672128514056225015e+02 1.210763052208835404e+02 1.630441767068273009e+02 4.292429593634413121e-01 3.470329917802051356e-01
1.556382978723404165e+02 1.182085106382978665e+02 1.443489361702127667e+02 4.812580174282305445e-01 7.148273347915417020e-01
1.553529411764705799e+02 1.197647058823529420e+02 1.361764705882353041e+02 3.709184297419590992e-01 4.273410298698918641e-01
1.746676136363636260e+02 1.202130681818181870e+02 1.581960227272727195e+02 4.307609620109623672e-01 3.915409940526759502e-01
1.665955882352941160e+02 1.198161764705882320e+02 1.055073529411764639e+02 4.578237740002446543e-01 3.025700934579437229e-01
1.700901639344262435e+02 1.189918032786885220e+02 1.070409836065573757e+02 4.111993456255751411e-01 2.866809662427864391e-01
1.578846153846153868e+02 1.212884615384615330e+02 1.091153846153846132e+02 4.848472733088117770e-01 2.175293553798226531e-01
1.747905759162303525e+02 1.183769633507853456e+02 1.109109947643979126e+02 4.385497055654125620e-01 2.269576421849259229e-01
1.813587786259541872e+02 1.192290076335877842e+02 1.494961832061068776e+02 4.595864214184825491e-01 5.784166845021523340e-01
1.710399999999999920e+02 1.189399999999999977e+02 1.469733333333333292e+02 4.330699930699929978e-01 5.949532710280379666e-01
9.974141104294479021e+01 1.334328220858895691e+02 8.574969325153374200e+01 5.223983776131014833e-01 1.668864552873499663e-01
1.039200000000000017e+02 1.232000000000000028e+02 1.077600000000000051e+02 3.962577962577963353e-01 2.372585669781931139e-01
1.415897435897435912e+02 1.207435897435897374e+02 1.123589743589743648e+02 4.959752652060344102e-01 3.267034108155604244e-01
1.438000000000000114e+02 1.215999999999999943e+02 1.277999999999999972e+02 4.972972972972972694e-01 2.722741433021806934e-01
1.016763080922976883e+02 1.336142346441338873e+02 8.519304517387065800e+01 5.218788449207688585e-01 1.743566223928516290e-01
1.538636363636363740e+02 1.184545454545454533e+02 1.260454545454545467e+02 3.791343791343791958e-01 3.684508637779665974e-01
1.121034482758620641e+02 1.198965517241379359e+02 1.182758620689655231e+02 4.213205247688006638e-01 2.178536899774412006e-01
1.285540540540540633e+02 1.253783783783783718e+02 9.825000000000000000e+01 4.215879080743944463e-01 3.054853919339898249e-01
1.200737381703469993e+02 1.327539432176656078e+02 8.237145110410094162e+01 5.558846580139960025e-01 2.642557760154081725e-01
1.290000000000000000e+02 1.270000000000000000e+02 1.120000000000000000e+02 3.160083160083160259e-01 1.401869158878504551e-01
1.439032258064516157e+02 1.210645161290322562e+02 1.210322580645161281e+02 6.574341090470124938e-01 2.613807657521856620e-01
1.364651898734177280e+02 1.177753164556961991e+02 1.433227848101265920e+02 4.867101765835943894e-01 6.969616309791374364e-01
1.511500000000000057e+02 1.199000000000000057e+02 1.256500000000000057e+02 4.858627858627856955e-01 2.838006230529594998e-01
1.225886097152428817e+02 1.321393634840871130e+02 8.269949748743718487e+01 5.406415305912789515e-01 2.777396849251459465e-01
1.570666666666666629e+02 1.210333333333333314e+02 1.175666666666666629e+02 4.322245322245322208e-01 2.677050882658358888e-01
1.616577777777777669e+02 1.211511111111111063e+02 1.621377777777777851e+02 3.942342342342344264e-01 3.339563862928353610e-01
1.682222222222222285e+02 1.172592592592592524e+02 1.290370370370370381e+02 4.907214907214907385e-01 3.772931810314987811e-01
1.740000000000000000e+02 1.170952380952381020e+02 1.305714285714285836e+02 5.242055242055242426e-01 3.524699599465955235e-01
1.501131221719456903e+02 1.180361990950226243e+02 1.442126696832579285e+02 3.922916999840076469e-01 7.240523815565041987e-01
1.071412652767792935e+02 1.333723939611790001e+02 8.447304097771387887e+01 5.341989116252233716e-01 2.143082701210038965e-01
1.024426419466975631e+02 1.299212050984936297e+02 9.057473928157590137e+01 4.421890470557912622e-01 2.940369572201576576e-01
1.142569832402234624e+02 1.334764565043894606e+02 8.278451715881882933e+01 5.558758771049268077e-01 2.416940775161429689e-01
2.312963576158940384e+02 1.179139072847682144e+02 1.641043046357615935e+02 4.557730170312951357e-01 4.218708093499211609e-01
1.142753623188405783e+02 1.271811594202898590e+02 9.413043478260870245e+01 4.144144144144144559e-01 3.182084969976068933e-01
1.277063299896229722e+02 1.312417848495330475e+02 8.282601176063646164e+01 5.467509390027546212e-01 2.961721358906290735e-01
1.303126550868486220e+02 1.307004608294930961e+02 8.306983339241403996e+01 5.527536644161956669e-01 3.072649388597547548e-01
1.320526315789473699e+02 1.253771929824561369e+02 9.713157894736842479e+01 4.192107086843928077e-01 2.993660162868228003e-01
1.371283643892339512e+02 1.294621118012422301e+02 8.352463768115941889e+01 5.617291443378402693e-01 3.333049541095078894e-01
1.394038120567375927e+02 1.289073581560283799e+02 8.381117021276595835e+01 5.626262514560395056e-01 3.418409336956753086e-01
1.450000000000000000e+02 1.204761904761904816e+02 1.158571428571428612e+02 4.461934461934461416e-01 3.076694852395786550e-01
1.378488372093023315e+02 1.235813953488372050e+02 9.903488372093023884e+01 4.084513851955711705e-01 3.089907991016446753e-01
1.474625922023182341e+02 1.270800842992623814e+02 8.475974710221285591e+01 5.560782879012595714e-01 3.631581366186397153e-01
1.432781456953642305e+02 1.242980132450331183e+02 9.095364238410596158e+01 4.229461249328799188e-01 3.567803428854373626e-01
1.544399999999999977e+02 1.204000000000000057e+02 1.119599999999999937e+02 4.417047817047818348e-01 3.352024922118379546e-01
1.517852348993288558e+02 1.230872483221476443e+02 9.800671140939597592e+01 4.249536061616598359e-01 2.709862217483115510e-01
1.330000000000000000e+02 1.202631578947368354e+02 1.185789473684210549e+02 5.200787832366779995e-01 2.970978848991637222e-01
1.581052631578947398e+02 1.186842105263157947e+02 1.289473684210526301e+02 4.568333515701937242e-01 3.230037711100179898e-01
1.753402777777777715e+02 1.195902777777777715e+02 1.502291666666666572e+02 4.515188265188265215e-01 5.668916580131535543e-01
2.236876267748478710e+02 1.181947261663286071e+02 1.662657200811358962e+02 4.470613537550659489e-01 4.091739177140401029e-01
1.210769230769230802e+02 1.208461538461538396e+02 1.120769230769230802e+02 3.817367663521510357e-01 3.211119098969566488e-01
1.791831395348837077e+02 1.200116279069767415e+02 1.594970930232558146e+02 4.493001498815454298e-01 3.928493805694412422e-01
1.249228723404255277e+02 1.316770516717325279e+02 8.282674772036473598e+01 5.392711802286271894e-01 2.893420541809891833e-01
1.897037037037036953e+02 1.182222222222222285e+02 1.333518518518518476e+02 3.876183876183879051e-01 3.647744317526250279e-01
2.215939849624060116e+02 1.189022556390977456e+02 1.596441102756892292e+02 4.853818538029070484e-01 3.975202804519086253e-01
1.775761194029850856e+02 1.202059701492537300e+02 1.623701492537313413e+02 4.405746734104943330e-01 3.758218254521779045e-01
1.746666666666666572e+02 1.210000000000000000e+02 1.298333333333333428e+02 4.576403326403324923e-01 4.058930425752855231e-01
1.986363636363636260e+02 1.244545454545454533e+02 1.358181818181818130e+02 3.364203364203363633e-01 3.208722741433021608e-01
1.958965517241379359e+02 1.209655172413793167e+02 1.430000000000000000e+02 3.924295648433581141e-01 4.446234826511977767e-01
2.191718750000000000e+02 1.184140625000000000e+02 1.664023437500000000e+02 4.705528846153846922e-01 4.201530860591900507e-01
1.801333333333333258e+02 1.187333333333333343e+02 1.165733333333333377e+02 4.029660429660427146e-01 3.192523364485982951e-01
1.764054054054054177e+02 1.187837837837837895e+02 1.235405405405405475e+02 5.920660785525651004e-01 2.721225898795991971e-01
2.074285714285714164e+02 1.204761904761904816e+02 1.351428571428571388e+02 5.484605484605482584e-01 4.454828660436135901e-01
2.011052631578947398e+02 1.182894736842105203e+02 1.391578947368421098e+02 5.077141919247181168e-01 3.911296933923594232e-01
1.091671200932763242e+02 1.335316750874465583e+02 8.384570540225418256e+01 5.471847823188674687e-01 2.200723303221918947e-01
1.644214876033057919e+02 1.200413223140495802e+02 1.044628099173553721e+02 4.691843782752875835e-01 3.054504260961354301e-01
1.896082474226804209e+02 1.182268041237113465e+02 1.451958762886598038e+02 4.422487515271020242e-01 5.559623598933747246e-01
1.446776859504132347e+02 1.207520661157024762e+02 1.548595041322313932e+02 4.537550901187266117e-01 4.273061970598079906e-01
1.645333333333333314e+02 1.194666666666666686e+02 1.231333333333333400e+02 4.860706860706862087e-01 3.279335410176532073e-01
1.918045602605863280e+02 1.197035830618892476e+02 1.590586319218241158e+02 4.797280367312941052e-01 4.079271819537876875e-01
1.343014063093880566e+02 1.299669327251995412e+02 8.327822120866591149e+01 5.641918560960748064e-01 3.210984298165535655e-01
1.734493670886076018e+02 1.194303797468354418e+02 1.475063291139240391e+02 4.362351640832652366e-01 5.819827280255530644e-01
1.718499999999999943e+02 1.204500000000000028e+02 1.205000000000000000e+02 3.675675675675675880e-01 2.630841121495327006e-01
1.022877697841726672e+02 1.085755395683453202e+02 1.548009592326139057e+02 5.089117894873285142e-01 6.264446386815795131e-01
1.742222222222222285e+02 1.215833333333333286e+02 1.379722222222222285e+02 5.043312543312541418e-01 4.223779854620974827e-01
1.583734939759036138e+02 1.180000000000000000e+02 1.440763052208835404e+02 5.054229391578790587e-01 7.306234282926096224e-01
1.494521276595744723e+02 1.194627659574468055e+02 1.491542553191489446e+02 4.473503782014422447e-01 5.663816530788090553e-01
1.625789473684210407e+02 1.198421052631578902e+02 1.361578947368421098e+02 3.597767808294123348e-01 4.220363994097392490e-01
1.278301886792452819e+02 1.258805031446540852e+02 9.567924528301887221e+01 4.197884386563630610e-01 3.351946550676928038e-01
1.620322580645161281e+02 1.200967741935483843e+02 1.149354838709677438e+02 4.994299510428542033e-01 2.981609888453422563e-01
1.122351571594877697e+02 1.336158323632130305e+02 8.310166860690725343e+01 5.567627267278021375e-01 2.329618467705555640e-01
2.125111111111111200e+02 1.198444444444444485e+02 1.468444444444444343e+02 4.375144375144374709e-01 3.492211838006232250e-01
2.219230769230769340e+02 1.222692307692307736e+02 1.386538461538461604e+02 3.915720454181992327e-01 2.537143541816439529e-01
2.306067415730337018e+02 1.230449438202247165e+02 1.366853932584269558e+02 4.018547501693566226e-01 2.341699044418772135e-01
2.098085106382978609e+02 1.192765957446808471e+02 1.467765957446808613e+02 4.616932808422170020e-01 4.323258434413737583e-01
1.877884615384615472e+02 1.189615384615384670e+02 1.184615384615384670e+02 4.736126659203584444e-01 3.413012221423438186e-01
2.363333333333333428e+02 1.238641975308642031e+02 1.353950617283950635e+02 3.785580452247118144e-01 2.339525402869118975e-01
1.644848484848484986e+02 1.191212121212121247e+02 1.170000000000000000e+02 4.283374283374282721e-01 3.389974511469839857e-01
1.957142857142857224e+02 1.181428571428571388e+02 1.230285714285714249e+02 5.537273537273537105e-01 3.712505562972852058e-01
1.975111111111111200e+02 1.183555555555555543e+02 1.242888888888888914e+02 5.066759066759066732e-01 3.448251990308064396e-01
1.844000000000000057e+02 1.196666666666666714e+02 1.257999999999999972e+02 5.106029106029106313e-01 3.086188992731049296e-01
2.115294117647058840e+02 1.241764705882352899e+02 1.351764705882353041e+02 4.127430598018833052e-01 3.489096573208722574e-01
2.094375000000000000e+02 1.217500000000000000e+02 1.383750000000000000e+02 4.363305613305613062e-01 3.461838006230528730e-01
1.463750000000000000e+02 1.185048076923076934e+02 1.450000000000000000e+02 4.575003998080918732e-01 6.818386053199134711e-01
2.026578947368421098e+02 1.189210526315789451e+02 1.267368421052631646e+02 3.917277601488127758e-01 2.975077881619936915e-01
1.958857142857142719e+02 1.186571428571428584e+02 1.295714285714285836e+02 4.532224532224532476e-01 3.568313306631063497e-01
2.036470588235294201e+02 1.254705882352941160e+02 1.358823529411764639e+02 4.010028127675186460e-01 2.748763056624519141e-01
2.405810810810810949e+02 1.243783783783783718e+02 1.345945945945945823e+02 4.043659043659042496e-01 2.365917319188345636e-01
1.942653061224489761e+02 1.179387755102040813e+02 1.173265306122448948e+02 4.581441724298867535e-01 4.250111259457055590e-01
1.962222222222222285e+02 1.193809523809523796e+02 1.524047619047618980e+02 4.800844800844801252e-01 5.221035454680318377e-01
2.021052631578947398e+02 1.235263157894736850e+02 1.375789473684210407e+02 4.419520735310208948e-01 3.485817347106083264e-01
2.005476190476190368e+02 1.187380952380952408e+02 1.257857142857142918e+02 4.356004356004357647e-01 3.089304257528556197e-01
2.250677419354838662e+02 1.190451612903225822e+02 1.580806451612903345e+02 4.675474481926091830e-01 4.155160285398445952e-01
2.234339622641509493e+02 1.230000000000000000e+02 1.368490566037735903e+02 3.573529988624328246e-01 2.512784341385999598e-01
2.182241379310344769e+02 1.209310344827586192e+02 1.432413793103448256e+02 4.430425120080292434e-01 2.970780964657856460e-01
2.373638392857142776e+02 1.175513392857142918e+02 1.645446428571428612e+02 4.622763216513216533e-01 4.005896751223855246e-01
1.960526315789473699e+02 1.192631578947368354e+02 1.268421052631578902e+02 4.929970456286246749e-01 3.177570093457943168e-01
1.983823529411764639e+02 1.211470588235294059e+02 1.433823529411764639e+02 4.593371652195181731e-01 4.304562946673997081e-01
2.242500000000000000e+02 1.213750000000000000e+02 1.453000000000000114e+02 4.188149688149688243e-01 3.983644859813083028e-01
1.856363636363636260e+02 1.252727272727272663e+02 1.346363636363636260e+02 4.218484218484219173e-01 3.214386859246671779e-01
1.988684210526315894e+02 1.178947368421052602e+02 1.404473684210526301e+02 5.122004595688807171e-01 3.907197901295294540e-01
2.296666666666666572e+02 1.221904761904761898e+02 1.441904761904762040e+02 3.834273834273835280e-01 3.383770953864410624e-01
1.711785714285714164e+02 1.235357142857142918e+02 1.355000000000000000e+02 4.487674487674485624e-01 4.730752113929682645e-01
2.070864197530864317e+02 1.195308641975308603e+02 1.478148148148148096e+02 5.025795025795026794e-01 5.088265835929393077e-01
1.735666666666666629e+02 1.221666666666666714e+02 1.355666666666666629e+02 5.135828135828134355e-01 4.064382139148493556e-01
1.683409090909090935e+02 1.206201298701298725e+02 1.576785714285714164e+02 4.486459486459483115e-01 3.873143989966416068e-01
1.642222222222222285e+02 1.170000000000000000e+02 1.288888888888888857e+02 4.438669438669439193e-01 3.637937002422984012e-01
2.052962962962963047e+02 1.179259259259259238e+02 1.398148148148148096e+02 4.949564949564948524e-01 4.144455982462212917e-01
2.449908136482939653e+02 1.180629921259842519e+02 1.606509186351705978e+02 4.603516296429683852e-01 3.818693224094651395e-01
1.751071428571428612e+02 1.177857142857142918e+02 1.288214285714285836e+02 5.569498069498068915e-01 3.378949710725411282e-01
1.604705882352941160e+02 1.209411764705882320e+02 1.223529411764705941e+02 4.571358689005747822e-01 2.803738317757009102e-01
1.870200573065902461e+02 1.198051575931232122e+02 1.589111747851002860e+02 4.467173808148024450e-01 3.914522132662076048e-01
1.958965517241379359e+02 1.168965517241379359e+02 1.317931034482758719e+02 4.651229478815685492e-01 4.128262971318078511e-01
1.798571428571428612e+02 1.152380952380952408e+02 1.353333333333333428e+02 4.110484110484109443e-01 4.334668446817980247e-01
1.629629629629629619e+02 1.176666666666666714e+02 1.183703703703703667e+02 4.234234234234234839e-01 4.172147225106728197e-01
1.857857142857142776e+02 1.168571428571428612e+02 1.367500000000000000e+02 4.930204930204930003e-01 4.128838451268358467e-01
1.696153846153846132e+02 1.177692307692307736e+02 1.176923076923076934e+02 4.652166959859266315e-01 3.659237958303378502e-01
1.437802197802197668e+02 1.232857142857142918e+02 1.043846153846153868e+02 5.220808297731375225e-01 2.174180959227689502e-01
1.786595744680851112e+02 1.187021276595744723e+02 1.202765957446808471e+02 4.505684080152164706e-01 3.336647444820041719e-01
1.961250000000000000e+02 1.180833333333333286e+02 1.390416666666666572e+02 5.942480942480942163e-01 2.753115264797507122e-01
1.418249627051218340e+02 1.283863749378418788e+02 8.404425658876181160e+01 5.562741718882943109e-01 3.490304880788074327e-01
2.001250000000000000e+02 1.168750000000000000e+02 1.338750000000000000e+02 5.469507969507968470e-01 4.004413291796468655e-01
1.678357142857142890e+02 1.192857142857142918e+02 1.028714285714285666e+02 4.980694980694978513e-01 3.737427681352905595e-01
1.519833641404806031e+02 1.246506469500924226e+02 8.735489833641405255e+01 5.460089692991727528e-01 3.730083323256223604e-01
1.568962787015043432e+02 1.235510688836104549e+02 8.796991290577989275e+01 5.489009930815160754e-01 3.841345952252346874e-01
1.540300000000000011e+02 1.251423076923076962e+02 8.620999999999999375e+01 5.569934431472897129e-01 3.782530553558572373e-01
2.009310344827586334e+02 1.174827586206896513e+02 1.318965517241379359e+02 5.497885153057565644e-01 4.122891825115477804e-01
1.783156182212581484e+02 1.166301518438177851e+02 9.551301518438178562e+01 5.441641374396254394e-01 4.469391340780283772e-01
1.619278846153846132e+02 1.221850961538461604e+02 8.909615384615383959e+01 5.459029665760432026e-01 4.002066858375265546e-01
1.734590780809031116e+02 1.181627469426152430e+02 9.378174976481655278e+01 5.393103502228617785e-01 4.326115179809106315e-01
1.933243243243243228e+02 1.173783783783783718e+02 1.220540540540540491e+02 5.591953700061809140e-01 4.154247705649574685e-01
2.349375000000000000e+02 1.183750000000000000e+02 1.517500000000000000e+02 5.080561330561330635e-01 4.482087227414329744e-01
2.132272727272727195e+02 1.164090909090909065e+02 1.386818181818181870e+02 5.395010395010395587e-01 4.289153214386860480e-01
1.646552587646076802e+02 1.209833055091819745e+02 9.057929883138564264e+01 5.524436083701527167e-01 4.075250027304030409e-01
1.684298018949181710e+02 1.199457364341085253e+02 9.158742463393626565e+01 5.471177796759189027e-01 4.182665604095772705e-01
1.166250000000000000e+02 1.200416666666666714e+02 1.123333333333333286e+02 5.109147609147609570e-01 3.590342679127725423e-01
2.120416666666666572e+02 1.161666666666666714e+02 1.328750000000000000e+02 5.226091476091475618e-01 4.598909657320873756e-01
2.323750000000000000e+02 1.165000000000000000e+02 1.472500000000000000e+02 5.291060291060292187e-01 4.299065420560748141e-01
1.704467912266449900e+02 1.192770105605198978e+02 9.246791226645004258e+01 5.417886173369518277e-01 4.242631297908918131e-01
1.420816326530612344e+02 1.193877551020408134e+02 1.106530612244897895e+02 4.340871483728626634e-01 3.732595842075149273e-01
1.506511627906976685e+02 1.119302325581395365e+02 1.214186046511627950e+02 3.807958226562874748e-01 5.418387307107151996e-01
1.447272727272727195e+02 1.134090909090909065e+02 1.189545454545454533e+02 4.063504063504063679e-01 5.246389124893796607e-01
1.541176470588235361e+02 1.161176470588235361e+02 1.258235294117647101e+02 3.957441604500428478e-01 4.487813817115630655e-01
1.737096774193548470e+02 1.165161290322580641e+02 1.352258064516128968e+02 5.265911072362684520e-01 3.894080996884735080e-01
1.762360189573459763e+02 1.174265402843601862e+02 9.457156398104265804e+01 5.351390763713038679e-01 4.404807252218360669e-01
1.675185185185185048e+02 1.177037037037037095e+02 1.360370370370370381e+02 5.048125048125046144e-01 3.625245182877581684e-01
1.810476190476190368e+02 1.168571428571428612e+02 1.268095238095238102e+02 3.822393822393823082e-01 4.100281857291201981e-01
2.191176470588235361e+02 1.199607843137254832e+02 1.485098039215686185e+02 3.745464921935510727e-01 4.484759635941603650e-01
2.049130434782608745e+02 1.188695652173912976e+02 1.342173913043478137e+02 5.359305794088402575e-01 4.102668292022211838e-01
1.842929782082324550e+02 1.149624697336561781e+02 9.761622276029055456e+01 5.288216135673761142e-01 4.634088389038524269e-01
1.902142857142857224e+02 1.154285714285714306e+02 1.240000000000000000e+02 5.920700920700922021e-01 4.697374276813529037e-01
1.762974358974358893e+02 1.152205128205128233e+02 1.010461538461538424e+02 4.938642784796631324e-01 4.671938653247062478e-01
1.885625000000000000e+02 1.161250000000000000e+02 1.054375000000000000e+02 4.420478170478170932e-01 4.760514018691587301e-01
1.305789473684210407e+02 1.156842105263157947e+02 1.232631578947368354e+02 5.195316774264144843e-01 5.187735694376126583e-01
7.106214689265536322e+01 1.177772397094430943e+02 1.311113801452784458e+02 5.250814233865080949e-01 9.364375350435796275e-01
1.230000000000000000e+02 1.170000000000000000e+02 1.070000000000000000e+02 1.434511434511434591e-01 4.641744548286604322e-01
1.345555555555555429e+02 1.157777777777777715e+02 1.167777777777777715e+02 2.938322938322938116e-01 4.475597092419522083e-01
2.028125000000000000e+02 1.136250000000000000e+02 1.186875000000000000e+02 4.159303534303533945e-01 4.741043613707164317e-01
5.559694364851957715e+01 1.196838586437440313e+02 1.294756446991403891e+02 5.227717247774552600e-01 7.315546272244970449e-01
1.557919463087248459e+02 1.219932885906040241e+02 9.955033557046979809e+01 4.225815903668253548e-01 2.924167346170728488e-01
1.229375000000000000e+02 1.155000000000000000e+02 1.191250000000000000e+02 5.701663201663202951e-01 5.146028037383176823e-01
4.432577777777778039e+01 1.202071111111111179e+02 1.282568888888888807e+02 5.020836220836231156e-01 7.467843544479079165e-01
1.906283618581907149e+02 1.129486552567237112e+02 1.012640586797066078e+02 5.692246694691686093e-01 4.845036522480958285e-01
1.484459459459459367e+02 1.228243243243243228e+02 1.022027027027027088e+02 4.306624712030116542e-01 2.693020122926665927e-01
2.011999999999999886e+02 1.110000000000000000e+02 1.330000000000000000e+02 3.463617463617463810e-01 4.685358255451713139e-01
2.046428571428571388e+02 1.137857142857142918e+02 1.460000000000000000e+02 4.814374814374814959e-01 4.730752113929684310e-01
1.877142857142857224e+02 1.108163265306122440e+02 1.135510204081632679e+02 4.607323178751751569e-01 5.315023205543895068e-01
2.062500000000000000e+02 1.137500000000000000e+02 1.225000000000000000e+02 4.890852390852390985e-01 4.781931464174454804e-01
2.080000000000000000e+02 1.115999999999999943e+02 1.450000000000000000e+02 4.515592515592515288e-01 4.775700934579438228e-01
1.674499999999999886e+02 1.121749999999999972e+02 1.201749999999999972e+02 4.212577962577962465e-01 5.454049844236761313e-01
1.339736842105263293e+02 1.194210526315789451e+02 1.101315789473684248e+02 4.452894189736294472e-01 4.099852434825381198e-01
6.725900514579760170e+01 1.185214408233276089e+02 1.250274442538593433e+02 4.787160824896669609e-01 8.595459087435832757e-01
6.363010752688172289e+01 1.178107526881720446e+02 1.303634408602150643e+02 5.368497529787852329e-01 9.338491943858224786e-01
2.055555555555555429e+02 1.105555555555555571e+02 1.328888888888888857e+02 4.164934164934164795e-01 4.787123572170300934e-01
2.230000000000000000e+02 1.160000000000000000e+02 1.360000000000000000e+02 8.939708939708940205e-01 4.735202492211837977e-01
1.992692307692307736e+02 1.166153846153846132e+02 1.220000000000000000e+02 5.275067967375659528e-01 4.186436616343159889e-01
1.266250000000000000e+02 1.138125000000000000e+02 1.225625000000000000e+02 5.239085239085239376e-01 5.459501557632397972e-01
1.357857142857142776e+02 1.095357142857142918e+02 1.300535714285714164e+02 6.429313929313928977e-01 5.472296395193598784e-01
1.119000000000000057e+02 1.199666666666666686e+02 1.205666666666666629e+02 4.106029106029105979e-01 1.717549325025960472e-01
5.385271317829457161e+01 1.121550387596899157e+02 1.449715762273901873e+02 4.977678931167305865e-01 6.644610269909124733e-01
1.721219512195121979e+02 1.115609756097560989e+02 1.204390243902439011e+02 4.663556614776127041e-01 5.523896360458931953e-01
2.253458646616541330e+02 1.187543859649122737e+02 1.603583959899749232e+02 4.812082180503233775e-01 4.065303445529709903e-01
1.582244897959183731e+02 1.109795918367346985e+02 1.210000000000000000e+02 4.944206372777800729e-01 5.489223726873930786e-01
1.608000000000000114e+02 1.145999999999999943e+02 1.120000000000000000e+02 5.189189189189188367e-01 5.040498442367600251e-01
1.985181695827725434e+02 1.112193808882907149e+02 1.041749663526244944e+02 5.518421413441603196e-01 5.071802031840283442e-01
1.620000000000000000e+02 1.161333333333333400e+02 1.235333333333333314e+02 5.092169092169093192e-01 4.571131879543094412e-01
1.446363636363636260e+02 1.183181818181818130e+02 1.215454545454545467e+02 4.746739746739747079e-01 4.079580855281790264e-01
1.208125000000000000e+02 1.202500000000000000e+02 1.227500000000000000e+02 5.571725571725572035e-01 2.930295950155764051e-01
8.541530054644809411e+01 1.175792349726775967e+02 1.434699453551912427e+02 4.422366881383275050e-01 6.452173024871047380e-01
1.747741935483871032e+02 1.107419354838709609e+02 1.216129032258064484e+02 4.178123532962242925e-01 5.603456939001106862e-01
3.346308724832214665e+01 1.140369127516778462e+02 1.399932885906040383e+02 5.150343942290250832e-01 6.978088607330283910e-01
1.876213942307692264e+02 1.137800480769230802e+02 9.962860576923077360e+01 5.544163801375339151e-01 4.740519410496037422e-01
1.615714285714285836e+02 1.242857142857142918e+02 1.291428571428571388e+02 3.418473418473418901e-01 5.794392523364485514e-01
1.827142857142857224e+02 1.168571428571428612e+02 1.302142857142857224e+02 3.613008613008613090e-01 4.336893635959056525e-01
7.917013232514177901e+01 1.091143667296786361e+02 1.499631379962192739e+02 5.149027899500495664e-01 6.445241418299380021e-01
5.274793388429752383e+01 1.154834710743801622e+02 1.379545454545454675e+02 5.081441899623719838e-01 6.878556164877308587e-01
4.510431654676258972e+01 1.167158273381295004e+02 1.367625899280575652e+02 5.073064209754857279e-01 7.245231851901635656e-01
6.566463414634147000e+01 1.162560975609756042e+02 1.413170731707317032e+02 5.057806399269816344e-01 6.710166400729412617e-01
1.870000000000000000e+02 1.243750000000000000e+02 1.296250000000000000e+02 6.486486486486486847e-01 6.608255451713396234e-01
1.943513513513513544e+02 1.184324324324324351e+02 1.312432432432432563e+02 4.206326909029611261e-01 3.663383009177400562e-01
1.290000000000000000e+02 1.195000000000000000e+02 1.182727272727272663e+02 4.982989982989983191e-01 3.207306711979608371e-01
7.757142857142856940e+01 1.170285714285714249e+02 1.433428571428571558e+02 4.443569943569943281e-01 6.501112594570543912e-01
1.712222222222222285e+02 1.256666666666666714e+02 1.286666666666666572e+02 4.462924462924462432e-01 5.860159224645206111e-01
1.997333333333333201e+02 1.250666666666666629e+02 1.320000000000000000e+02 4.487872487872487381e-01 5.281412253374869747e-01
2.090000000000000000e+02 1.229090909090909065e+02 1.349090909090909065e+02 4.392364392364391801e-01 4.219767771169640747e-01
1.956250000000000000e+02 1.222500000000000000e+02 1.296875000000000000e+02 4.021569646569647105e-01 4.075155763239875495e-01
1.554090909090909065e+02 1.205909090909090935e+02 1.145909090909090935e+02 4.454261954261954926e-01 3.181818181818181213e-01
5.282399213372664804e+01 1.193352999016715899e+02 1.210717797443461166e+02 4.744622089754830241e-01 8.291229779113391540e-01
9.401910828025478395e+01 1.167388535031847141e+02 1.444585987261146443e+02 4.135757511553689314e-01 5.584062543405357015e-01
1.955131761442441132e+02 1.119001386962551976e+02 1.027905686546463215e+02 5.592284912673260999e-01 4.976084617677929423e-01
6.262152133580705282e+01 1.188404452690166977e+02 1.228552875695732780e+02 4.880602023459160721e-01 8.317236835260896077e-01
2.054000000000000057e+02 1.249000000000000057e+02 1.310999999999999943e+02 4.594594594594594850e-01 6.056074766355140637e-01
9.400000000000000000e+01 1.280000000000000000e+02 1.320000000000000000e+02 1.933471933471933579e-01 4.922118380062305287e-01
1.658000000000000114e+02 1.115428571428571445e+02 1.169142857142857110e+02 5.268785268785267650e-01 5.369826435246998209e-01
1.234666666666666686e+02 1.187333333333333343e+02 1.154000000000000057e+02 4.597366597366598362e-01 4.056074766355140526e-01
4.808333333333333570e+01 1.268333333333333286e+02 1.386666666666666572e+02 5.840263340263339709e-01 5.687954309449635426e-01
5.960000000000000142e+01 1.275999999999999943e+02 1.390000000000000000e+02 5.114345114345113519e-01 5.588785046728971251e-01
8.572727272727273373e+01 1.298181818181818130e+02 1.431818181818181870e+02 5.231525231525231412e-01 5.958651939960351029e-01
9.022222222222222854e+01 1.292222222222222285e+02 1.427777777777777715e+02 6.541926541926542660e-01 5.534787123572170175e-01
9.985714285714286120e+01 1.251428571428571388e+02 1.477142857142857224e+02 4.569349569349570039e-01 4.793057409879840081e-01
9.225000000000000000e+01 1.292500000000000000e+02 1.492500000000000000e+02 6.954261954261954370e-01 5.155763239875389425e-01
3.896251802018260690e+01 1.203849111004324897e+02 1.279135031234983160e+02 5.159951286813375670e-01 7.471381030866720563e-01
1.592307692307692264e+02 1.173846153846153868e+02 1.331538461538461604e+02 3.729409883256037395e-01 3.587347232207045433e-01
1.746176470588235361e+02 1.108529411764705941e+02 1.148235294117647101e+02 6.425950837715541653e-01 5.237309877221918430e-01
7.300000000000000000e+01 1.293333333333333428e+02 1.441666666666666572e+02 4.272349272349272309e-01 6.251298026998961532e-01
5.800000000000000000e+01 1.320000000000000000e+02 1.460000000000000000e+02 1.746361746361746459e-01 4.984423676012461057e-01
8.379999999999999716e+01 1.285333333333333314e+02 1.428000000000000114e+02 5.246015246015245381e-01 5.767393561786086087e-01
1.027999999999999972e+02 1.264000000000000057e+02 1.478000000000000114e+02 3.792099792099791755e-01 4.604361370716510971e-01
1.244000000000000057e+02 1.260000000000000000e+02 1.511999999999999886e+02 5.305613305613305908e-01 4.274143302180685167e-01
1.230000000000000000e+02 1.285000000000000000e+02 1.565000000000000000e+02 5.436590436590436060e-01 5.046728971962616273e-01
1.165000000000000000e+02 1.315000000000000000e+02 1.550000000000000000e+02 2.027027027027027140e-01 4.984423676012461057e-01
1.111666666666666714e+02 1.303333333333333428e+02 1.528333333333333428e+02 4.015939015939015699e-01 5.160955347871235555e-01
9.716666666666667140e+01 1.298333333333333428e+02 1.478333333333333428e+02 6.070686070686069913e-01 5.119418483904464301e-01
1.692413793103448256e+02 1.107931034482758577e+02 1.149655172413793167e+02 5.830525485697898302e-01 5.317434740573637741e-01
1.833488372093023315e+02 1.113488372093023315e+02 1.115116279069767415e+02 4.464052603587486678e-01 5.235093820184015811e-01
1.516153846153846132e+02 1.232307692307692264e+02 1.316153846153846132e+02 4.909643371181833249e-01 4.922118380062305287e-01
1.235000000000000000e+02 1.290000000000000000e+02 1.475000000000000000e+02 8.492723492723492917e-01 5.171339563862927813e-01
1.057500000000000000e+02 1.307500000000000000e+02 1.477500000000000000e+02 4.963617463617464587e-01 5.062305295950155770e-01
8.950000000000000000e+01 1.350000000000000000e+02 1.478333333333333428e+02 7.869022869022869182e-01 6.220145379023884757e-01
9.400000000000000000e+01 1.350000000000000000e+02 1.510000000000000000e+02 8.440748440748441217e-01 4.984423676012461057e-01
1.313333333333333428e+02 1.300000000000000000e+02 1.553333333333333428e+02 4.878724878724878811e-01 5.057113187954308531e-01
1.555000000000000000e+02 1.300000000000000000e+02 1.650000000000000000e+02 7.079002079002079117e-01 5.062305295950155770e-01
1.475999999999999943e+02 1.335999999999999943e+02 1.625999999999999943e+02 7.384615384615385025e-01 5.096573208722741111e-01
1.390000000000000000e+02 1.350000000000000000e+02 1.560000000000000000e+02 8.731808731808732293e-01 4.984423676012461057e-01
1.297272727272727195e+02 1.364545454545454675e+02 1.527272727272727195e+02 5.632205632205632417e-01 5.349759274992919034e-01
1.093333333333333286e+02 1.366666666666666572e+02 1.500000000000000000e+02 6.361746361746362100e-01 5.825545171339564510e-01
8.267878787878787250e+01 1.169696969696969688e+02 1.432969696969697111e+02 4.336798336798337039e-01 6.569432644199000304e-01
1.541590909090909065e+02 1.119772727272727337e+02 1.207500000000000000e+02 4.135796635796634146e-01 5.484990087793828462e-01
1.629743589743589780e+02 1.103076923076923066e+02 1.211025641025641022e+02 4.483714483714482113e-01 5.438134036264880011e-01
1.605000000000000000e+02 1.267500000000000000e+02 1.486250000000000000e+02 6.190228690228690711e-01 5.280373831775700966e-01
1.448000000000000114e+02 1.328000000000000114e+02 1.484000000000000057e+02 3.937629937629937849e-01 6.168224299065420135e-01
1.515000000000000000e+02 1.341666666666666572e+02 1.585000000000000000e+02 4.497574497574497454e-01 5.176531671858773942e-01
1.706666666666666572e+02 1.340000000000000000e+02 1.611666666666666572e+02 6.320166320166320517e-01 5.150571131879542186e-01
1.957777777777777715e+02 1.295555555555555429e+02 1.621111111111111143e+02 5.234465234465235373e-01 5.278643129110416332e-01
1.845000000000000000e+02 1.300000000000000000e+02 1.680000000000000000e+02 5.415800415800415823e-01 5.077881619937694158e-01
1.815000000000000000e+02 1.315000000000000000e+02 1.670000000000000000e+02 5.426195426195425942e-01 5.077881619937694158e-01
1.775714285714285836e+02 1.284285714285714164e+02 1.595714285714285836e+02 4.600534600534602059e-01 5.231419670672006195e-01
1.653333333333333428e+02 1.194583333333333286e+02 1.499513888888888857e+02 4.530347655347655711e-01 5.647715472481826815e-01
1.372727272727272805e+02 1.099818181818181841e+02 1.286363636363636260e+02 6.020412020412018173e-01 5.485131690739174504e-01
1.426440677966101589e+02 1.095932203389830448e+02 1.280508474576271283e+02 5.524859931639594102e-01 5.511906647658277869e-01
1.921999999999999886e+02 1.264000000000000057e+02 1.505999999999999943e+02 3.908523908523908741e-01 5.283489096573209531e-01
1.750000000000000000e+02 1.335000000000000000e+02 1.540000000000000000e+02 4.636174636174636432e-01 5.233644859813083583e-01
1.564444444444444571e+02 1.380000000000000000e+02 1.573333333333333428e+02 3.194733194733195281e-01 5.202492211838005698e-01
1.715000000000000000e+02 1.372500000000000000e+02 1.620000000000000000e+02 4.680353430353430544e-01 5.144080996884734525e-01
1.850000000000000000e+02 1.345000000000000000e+02 1.630000000000000000e+02 4.423076923076922906e-01 5.218068535825544085e-01
2.085000000000000000e+02 1.310000000000000000e+02 1.649166666666666572e+02 4.755717255717257230e-01 5.241433021806853887e-01
2.257142857142857224e+02 1.264761904761904816e+02 1.681428571428571388e+02 5.312345312345312376e-01 5.092716214211540082e-01
2.212307692307692264e+02 1.270000000000000000e+02 1.696153846153846132e+02 5.600511754357907490e-01 5.104241552839682283e-01
2.142142857142857224e+02 1.261428571428571388e+02 1.710000000000000000e+02 4.942084942084941090e-01 5.131286159323543705e-01
2.134000000000000057e+02 1.279000000000000057e+02 1.703000000000000114e+02 4.727650727650726803e-01 5.109034267912773153e-01
2.054285714285714164e+02 1.315714285714285836e+02 1.677142857142857224e+02 4.729729729729731380e-01 5.229194481530928806e-01
2.011999999999999886e+02 1.329333333333333371e+02 1.673333333333333428e+02 3.851697851697852837e-01 5.271028037383175269e-01
1.921818181818181870e+02 1.372727272727272805e+02 1.656363636363636260e+02 4.851634851634851753e-01 5.202492211838004588e-01
1.497500000000000000e+02 1.397500000000000000e+02 1.590000000000000000e+02 5.119542619542619688e-01 5.109034267912772043e-01
1.047999999999999972e+02 1.361999999999999886e+02 1.475999999999999943e+02 4.989604989604989882e-01 7.059190031152647871e-01
7.800000000000000000e+01 1.308000000000000114e+02 1.428000000000000114e+02 4.740124740124739833e-01 5.570093457943924298e-01
1.328906250000000000e+02 1.077968750000000000e+02 1.340312500000000000e+02 5.886824324324321234e-01 5.485786604361377883e-01
1.975000000000000000e+02 1.295000000000000000e+02 1.530000000000000000e+02 5.187110187110187676e-01 5.202492211838005698e-01
1.920000000000000000e+02 1.350000000000000000e+02 1.560000000000000000e+02 8.419958419958419871e-01 5.046728971962616273e-01
1.797777777777777715e+02 1.411111111111111143e+02 1.622222222222222285e+02 5.784245784245785060e-01 5.126341294565592843e-01
1.750000000000000000e+02 1.415000000000000000e+02 1.622500000000000000e+02 4.111226611226611594e-01 5.163551401869157509e-01
1.590000000000000000e+02 1.420000000000000000e+02 1.620000000000000000e+02 5.810810810810811411e-01 5.179127725856698117e-01
1.428000000000000114e+02 1.414000000000000057e+02 1.604000000000000057e+02 5.896049896049896377e-01 5.158878504672896881e-01
1.237999999999999972e+02 1.365999999999999943e+02 1.521999999999999886e+02 5.147609147609146785e-01 6.012461059190030710e-01
1.502352941176470722e+02 1.089705882352941160e+02 1.266176470588235361e+02 3.767885532591414566e-01 5.470954737035002013e-01
1.542444444444444400e+02 1.079333333333333371e+02 1.330222222222222115e+02 4.415800415800414380e-01 5.699550017307031258e-01
1.218526315789473671e+02 1.071368421052631561e+02 1.429789473684210463e+02 5.269942006784114064e-01 5.564518773569441246e-01
1.226507936507936449e+02 1.079047619047618980e+02 1.377460317460317469e+02 6.063756063756063908e-01 5.396825396825396526e-01
1.850000000000000000e+02 1.295000000000000000e+02 1.592500000000000000e+02 4.170997920997921438e-01 5.268691588785046065e-01
2.160000000000000000e+02 1.301999999999999886e+02 1.705000000000000000e+02 4.654885654885655422e-01 5.127725856697818996e-01
2.098000000000000114e+02 1.330000000000000000e+02 1.670000000000000000e+02 4.979209979209980874e-01 5.158878504672896881e-01
1.633750000000000000e+02 1.407500000000000000e+02 1.616250000000000000e+02 7.034823284823283895e-01 5.190809968847350797e-01
6.555455904334827721e+01 1.105784753363228674e+02 1.475231689088191445e+02 4.814769926877549011e-01 6.546992069811740089e-01
1.324699999999999989e+02 1.071800000000000068e+02 1.397199999999999989e+02 5.241580041580041760e-01 5.579750778816204848e-01
1.341739130434782510e+02 1.075652173913043441e+02 1.356521739130434696e+02 5.238783934436110901e-01 5.551040679037434478e-01
1.163517241379310292e+02 1.073862068965517267e+02 1.487793103448275929e+02 5.126388988457954987e-01 5.914276506606512829e-01
1.203750000000000000e+02 1.147500000000000000e+02 1.231875000000000000e+02 5.547037422037423005e-01 5.428348909657321197e-01
1.273846153846153868e+02 1.121538461538461604e+02 1.249230769230769198e+02 5.309451463297615303e-01 5.432542535346273072e-01
1.492894736842105203e+02 1.107631578947368354e+02 1.233421052631578902e+02 3.036984352773824392e-01 5.469749139203149424e-01
1.857500000000000000e+02 1.412500000000000000e+02 1.622500000000000000e+02 5.753638253638253541e-01 5.163551401869158619e-01
2.036666666666666572e+02 1.366666666666666572e+02 1.630000000000000000e+02 4.864864864864864580e-01 5.202492211838005698e-01
2.168000000000000114e+02 1.320000000000000000e+02 1.661999999999999886e+02 6.582120582120583041e-01 5.115264797507788064e-01
1.260000000000000000e+02 1.330000000000000000e+02 1.580000000000000000e+02 2.182952182952183073e-01 5.109034267912772043e-01
1.270190476190476261e+02 1.069809523809523739e+02 1.424666666666666686e+02 5.808731808731809609e-01 5.525589675122386524e-01
1.238644067796610102e+02 1.070000000000000000e+02 1.445338983050847332e+02 5.260932379576449547e-01 5.666613865568406183e-01
1.143241379310344854e+02 1.075517241379310320e+02 1.490344827586206975e+02 5.088966951035918118e-01 5.891288000859385976e-01
1.118571428571428612e+02 1.114285714285714306e+02 1.309285714285714164e+02 5.035640035640035483e-01 5.787716955941254460e-01
1.946290322580645125e+02 1.098870967741935516e+02 1.125645161290322562e+02 4.960767218831735881e-01 5.340669279469394404e-01
1.951666666666666572e+02 1.343333333333333428e+02 1.685000000000000000e+02 5.687803187803189831e-01 5.264797507788160358e-01
1.730000000000000000e+02 1.340000000000000000e+02 1.680000000000000000e+02 8.814968814968815458e-01 5.109034267912772043e-01
1.310000000000000000e+02 1.320000000000000000e+02 1.600000000000000000e+02 7.047817047817048763e-01 5.218068535825544085e-01
1.228055555555555571e+02 1.069907407407407476e+02 1.465370370370370381e+02 5.046007546007545974e-01 5.784873658705440569e-01
1.047000000000000028e+02 1.091500000000000057e+02 1.428750000000000000e+02 5.989604989604989660e-01 5.651090342679128131e-01
1.657096774193548470e+02 1.084516129032258078e+02 1.266774193548387046e+02 4.459794782375426370e-01 5.547181187820319215e-01
1.791724137931034591e+02 1.087241379310344769e+02 1.198620689655172384e+02 5.695748799197074552e-01 5.381888495004834017e-01
1.640000000000000000e+02 1.286666666666666572e+02 1.633333333333333428e+02 5.162855162855162217e-01 5.098650051921079784e-01
1.600000000000000000e+02 1.358000000000000114e+02 1.600000000000000000e+02 4.498960498960499210e-01 5.221183800623052651e-01
2.203076923076923208e+02 1.286923076923076792e+02 1.776923076923076792e+02 5.311050695666080790e-01 5.192906781691827289e-01
1.390000000000000000e+02 1.280000000000000000e+02 1.630000000000000000e+02 5.530145530145530453e-01 5.140186915887849928e-01
6.363253012048193114e+01 1.167409638554216826e+02 1.406325301204819311e+02 5.037697567818048006e-01 6.737792290657944605e-01
1.120592592592592638e+02 1.079037037037036981e+02 1.490518518518518647e+02 5.129591129591131171e-01 5.947155878620054015e-01
1.460816326530612344e+02 1.072653061224489761e+02 1.352448979591836746e+02 5.071067928210787334e-01 5.643079661771250866e-01
1.582941176470588118e+02 1.075294117647058840e+02 1.300882352941176521e+02 4.707105295340587303e-01 5.519516217702034044e-01
7.350000000000000000e+01 1.271250000000000000e+02 1.430000000000000000e+02 4.833679833679834226e-01 5.630841121495328006e-01
7.900000000000000000e+01 1.255000000000000000e+02 1.465000000000000000e+02 1.985446985446985557e-01 5.225856697819314389e-01
1.340000000000000000e+02 1.410000000000000000e+02 1.600000000000000000e+02 1.808731808731808832e-01 5.171339563862927813e-01
1.310000000000000000e+02 1.450000000000000000e+02 1.600000000000000000e+02 1.829521829521829623e-01 5.171339563862927813e-01
1.564444444444444571e+02 1.422222222222222285e+02 1.578888888888888857e+02 3.474243474243474683e-01 5.292488750432674527e-01
2.168750000000000000e+02 1.306250000000000000e+02 1.741250000000000000e+02 4.041060291060291632e-01 5.190809968847350797e-01
9.062500000000000000e+01 1.307500000000000000e+02 1.463750000000000000e+02 5.751039501039501012e-01 5.646417445482866393e-01
1.746666666666666572e+02 1.320000000000000000e+02 1.598888888888888857e+02 5.691845691845691668e-01 5.230183454482519867e-01
2.098000000000000114e+02 1.330000000000000000e+02 1.720000000000000000e+02 5.288981288981289275e-01 5.177570093457942724e-01
2.220666666666666629e+02 1.276666666666666714e+02 1.798666666666666742e+02 5.539847539847539970e-01 5.200415368639668134e-01
1.364166666666666572e+02 1.194111111111111114e+02 1.491666666666666572e+02 4.831947331947329949e-01 5.557805469020421496e-01
1.574516129032257936e+02 1.087096774193548328e+02 1.261612903225806406e+02 4.294815907719131132e-01 5.513013767460556158e-01
1.442307692307692264e+02 1.088269230769230802e+02 1.311538461538461604e+02 5.650487765872382884e-01 5.600886652288524781e-01
1.305192307692307736e+02 1.069807692307692264e+02 1.408269230769230660e+02 5.487965776427317088e-01 5.529295470884257879e-01
1.177142857142857082e+02 1.331428571428571388e+02 1.484285714285714164e+02 3.341253341253341280e-01 5.878949710725410727e-01
1.480000000000000000e+02 1.280000000000000000e+02 1.560000000000000000e+02 4.241164241164241400e-01 5.202492211838005698e-01
2.258333333333333428e+02 1.235000000000000000e+02 1.768333333333333428e+02 5.360360360360360010e-01 5.223260643821391325e-01
6.934394904458598319e+01 1.167324840764331242e+02 1.420063694267516041e+02 5.133148827416345039e-01 6.686112268587404150e-01
7.528031634446396936e+01 1.095553602811950782e+02 1.495808435852372611e+02 5.186068859179580048e-01 6.461217964511173362e-01
1.522777777777777715e+02 1.088055555555555571e+02 1.288055555555555429e+02 4.837722337722337729e-01 5.547767393561786609e-01
1.412558139534883708e+02 1.074418604651162781e+02 1.372558139534883708e+02 5.016680365517576234e-01 5.608925595884952653e-01
1.122500000000000000e+02 1.305000000000000000e+02 1.485000000000000000e+02 4.100831600831601476e-01 4.789719626168223998e-01
1.435000000000000000e+02 1.363333333333333428e+02 1.523333333333333428e+02 2.972972972972973138e-01 5.306334371754931611e-01
1.703333333333333428e+02 1.305000000000000000e+02 1.588333333333333428e+02 3.908523908523908741e-01 5.212876427829697956e-01
1.892222222222222285e+02 1.363333333333333428e+02 1.667777777777777715e+02 4.557634557634558381e-01 5.219799238490826498e-01
1.984000000000000057e+02 1.344000000000000057e+02 1.699000000000000057e+02 4.544698544698545506e-01 5.236760124610591038e-01
2.101666666666666572e+02 1.328333333333333428e+02 1.751666666666666572e+02 5.270270270270270840e-01 5.233644859813083583e-01
1.609710144927536248e+02 1.192971014492753596e+02 1.501159420289855007e+02 4.719485371659283834e-01 5.521919725495508802e-01
1.630000000000000000e+02 1.350000000000000000e+02 1.570000000000000000e+02 7.484407484407484823e-01 5.233644859813083583e-01
2.041666666666666572e+02 1.300833333333333428e+02 1.629166666666666572e+02 4.255024255024256186e-01 5.295950155763239353e-01
2.060000000000000000e+02 1.343333333333333428e+02 1.733333333333333428e+02 5.266805266805266728e-01 5.264797507788161468e-01
1.396496815286624269e+02 1.194968152866241979e+02 1.508853503184713247e+02 4.592211025332042507e-01 5.288806873425004884e-01
1.268773584905660385e+02 1.068490566037735903e+02 1.448867924528301785e+02 5.606833248342684151e-01 5.636572033151123762e-01
1.706086956521739069e+02 1.079565217391304373e+02 1.242608695652173907e+02 6.036337340685165032e-01 5.425978599485304921e-01
1.382500000000000000e+02 1.330000000000000000e+02 1.477500000000000000e+02 5.701663201663202951e-01 5.311526479750777741e-01
1.551250000000000000e+02 1.387500000000000000e+02 1.545000000000000000e+02 3.898128898128898623e-01 5.552959501557631627e-01
1.707142857142857224e+02 1.365714285714285836e+02 1.601428571428571388e+02 3.941193941193941730e-01 5.157988429016465703e-01
1.920000000000000000e+02 1.350000000000000000e+02 1.600000000000000000e+02 4.158004158004158235e-01 5.264797507788161468e-01
1.996999999999999886e+02 1.285000000000000000e+02 1.605000000000000000e+02 3.719334719334719819e-01 5.314641744548286306e-01
1.797500000000000000e+02 1.345000000000000000e+02 1.645000000000000000e+02 5.867983367983368170e-01 5.147975077881619121e-01
1.108571428571428612e+02 1.121904761904761898e+02 1.276666666666666714e+02 5.362835362835364217e-01 5.331553182020472015e-01
1.178211382113821202e+02 1.079512195121951237e+02 1.519430894308943039e+02 5.418758345587614267e-01 6.070207431046268365e-01
1.241428571428571388e+02 1.297142857142857224e+02 1.414285714285714164e+02 2.019602019602019793e-01 7.463284379172231420e-01
1.610000000000000000e+02 1.380000000000000000e+02 1.550000000000000000e+02 7.068607068607068999e-02 5.295950155763239353e-01
1.660000000000000000e+02 1.400000000000000000e+02 1.560000000000000000e+02 7.276507276507276911e-02 5.295950155763239353e-01
1.665000000000000000e+02 1.365000000000000000e+02 1.655000000000000000e+02 2.016632016632016744e-01 5.202492211838005698e-01
7.950955414012739197e+01 1.174777070063694282e+02 1.415286624203821759e+02 4.280228292967145354e-01 6.930174415143767197e-01
1.177857142857142918e+02 1.142857142857142918e+02 1.224285714285714306e+02 4.686664686664685497e-01 5.516243880729861937e-01
1.203799999999999955e+02 1.070999999999999943e+02 1.443700000000000045e+02 4.773804573804575346e-01 5.687538940809974131e-01
1.513333333333333428e+02 1.393333333333333428e+02 1.556666666666666572e+02 5.086625086625087278e-01 5.207684319833851827e-01
2.104444444444444571e+02 1.316666666666666572e+02 1.653333333333333428e+02 5.148995148995150206e-01 5.212876427829699066e-01
2.210000000000000000e+02 1.280000000000000000e+02 1.610000000000000000e+02 8.669438669438669365e-01 5.295950155763239353e-01
9.700000000000000000e+01 1.110000000000000000e+02 1.250000000000000000e+02 1.829521829521829623e-01 5.327102803738317238e-01
8.825000000000000000e+01 1.107500000000000000e+02 1.277500000000000000e+02 3.534303534303534500e-01 5.311526479750778851e-01
9.633333333333332860e+01 1.098888888888888857e+02 1.401111111111111143e+02 4.853314853314853461e-01 5.354794046382830297e-01
1.620000000000000000e+02 1.428571428571428612e+02 1.610000000000000000e+02 6.144936144936145039e-01 5.224744103248774030e-01
1.365000000000000000e+02 1.310000000000000000e+02 1.555000000000000000e+02 3.575883575883576082e-01 5.342679127725855626e-01
2.120000000000000000e+02 1.290000000000000000e+02 1.570000000000000000e+02 5.322245322245322541e-01 5.327102803738317238e-01
2.180000000000000000e+02 1.255000000000000000e+02 1.530000000000000000e+02 3.700623700623700829e-01 5.311526479750778851e-01
1.953333333333333428e+02 1.308333333333333428e+02 1.656666666666666572e+02 5.367290367290368236e-01 5.327102803738318348e-01
1.682500000000000000e+02 1.287500000000000000e+02 1.540000000000000000e+02 3.721413721413721620e-01 5.350467289719625930e-01
1.007777777777777715e+02 1.110000000000000000e+02 1.345555555555555429e+02 5.031185031185030354e-01 5.718241606092073770e-01
1.723333333333333428e+02 1.426666666666666572e+02 1.570000000000000000e+02 4.109494109494109537e-01 5.368639667705087382e-01
1.824444444444444571e+02 1.417777777777777715e+02 1.625555555555555429e+02 5.936705936705936049e-01 5.185185185185184897e-01
1.963333333333333428e+02 1.235333333333333314e+02 1.407333333333333201e+02 3.968121968121968157e-01 3.387331256490134779e-01
1.477700000000000102e+02 1.189449999999999932e+02 1.474749999999999943e+02 4.507692307692304223e-01 6.165109034267908239e-01
1.461111111111111143e+02 1.148888888888888857e+02 1.278888888888888857e+02 5.927465927465926931e-01 4.614053305642090708e-01
1.307500000000000000e+02 1.310000000000000000e+02 1.435000000000000000e+02 3.497920997920997976e-01 5.965732087227413327e-01
1.905000000000000000e+02 1.400000000000000000e+02 1.575000000000000000e+02 2.484407484407484545e-01 5.404984423676011396e-01
1.950000000000000000e+02 1.390000000000000000e+02 1.630000000000000000e+02 5.627165627165626738e-01 5.295950155763239353e-01
1.544444444444444571e+02 1.262222222222222285e+02 1.434444444444444571e+02 2.970662970662970581e-01 6.005538248528901057e-01
1.285000000000000000e+02 1.347500000000000000e+02 1.445000000000000000e+02 4.365904365904366147e-01 6.035825545171339401e-01
1.800000000000000000e+02 1.390000000000000000e+02 1.530000000000000000e+02 8.108108108108108558e-02 5.420560747663550893e-01
1.990000000000000000e+02 1.360000000000000000e+02 1.600000000000000000e+02 8.523908523908524382e-02 5.420560747663550893e-01
1.100000000000000000e+02 1.301999999999999886e+02 1.405999999999999943e+02 3.403326403326404348e-01 7.118380062305295075e-01
1.535000000000000000e+02 1.380000000000000000e+02 1.495000000000000000e+02 4.137214137214137444e-01 5.420560747663550893e-01
1.650000000000000000e+02 1.360000000000000000e+02 1.530000000000000000e+02 7.505197505197505059e-01 5.420560747663550893e-01
1.781818181818181870e+02 1.097878787878787818e+02 1.170303030303030312e+02 6.515466515466515895e-01 5.319550646653450343e-01
1.620000000000000000e+02 1.330000000000000000e+02 1.510000000000000000e+02 4.199584199584199817e-01 5.451713395638628779e-01
1.790000000000000000e+02 1.300000000000000000e+02 1.510000000000000000e+02 4.220374220374220608e-01 5.451713395638628779e-01
1.421500000000000057e+02 1.134500000000000028e+02 1.182500000000000000e+02 3.501039501039501234e-01 5.271028037383176379e-01
1.540000000000000000e+02 1.310000000000000000e+02 1.450000000000000000e+02 8.731808731808732293e-02 5.482866043613706664e-01
1.770000000000000000e+02 1.290000000000000000e+02 1.460000000000000000e+02 8.939708939708940205e-02 5.482866043613706664e-01
1.915999999999999943e+02 1.255999999999999943e+02 1.465999999999999943e+02 2.960498960498960663e-01 5.794392523364486625e-01
1.941428571428571388e+02 1.068571428571428612e+02 1.214285714285714306e+02 5.945945945945946276e-01 5.482866043613706664e-01
8.494477085781433345e+01 1.089541715628672165e+02 1.509095182138660505e+02 4.934661679667548539e-01 6.430587434244509071e-01
1.522380952380952408e+02 1.128571428571428612e+02 1.272857142857142918e+02 3.838233838233838235e-01 5.379023883696781860e-01
1.565813953488372192e+02 1.071162790697674438e+02 1.337906976744185954e+02 3.998452835662136273e-01 5.696587698326455174e-01
1.623461538461538396e+02 1.083461538461538396e+02 1.291923076923076792e+02 4.600991524068444583e-01 5.615863886891924173e-01
1.804000000000000057e+02 1.047999999999999972e+02 1.270000000000000000e+02 2.619542619542619688e-01 5.514018691588784549e-01
1.846666666666666572e+02 1.107999999999999972e+02 1.134000000000000057e+02 3.932085932085931379e-01 5.317410868812735281e-01
1.422142857142857224e+02 1.124285714285714306e+02 1.228571428571428612e+02 3.121473121473120615e-01 5.538495772140631379e-01
1.415789473684210407e+02 1.082368421052631646e+02 1.505526315789473699e+02 4.431557063136011276e-01 7.170847679947529585e-01
1.539333333333333371e+02 1.045333333333333314e+02 1.400666666666666629e+02 5.830907830907832157e-01 5.605399792315678420e-01
1.645217391304347814e+02 1.075652173913043441e+02 1.291739130434782510e+02 5.137846876977310018e-01 5.550589191385616461e-01
1.686999999999999886e+02 1.057000000000000028e+02 1.321999999999999886e+02 7.542619542619541928e-01 5.595015576323987272e-01
1.347142857142857224e+02 1.138571428571428612e+02 1.180000000000000000e+02 2.530442530442530424e-01 5.371606586559856122e-01
1.506666666666666572e+02 1.147999999999999972e+02 1.161333333333333400e+02 2.855162855162855506e-01 5.119418483904464301e-01
1.533499999999999943e+02 1.210000000000000000e+02 1.335000000000000000e+02 4.827442827442826601e-01 4.260124610591899952e-01
1.391960784313725412e+02 1.072549019607843093e+02 1.374901960784313815e+02 5.602299131710896107e-01 5.592205729643885403e-01
9.114285714285713880e+01 1.090000000000000000e+02 1.410000000000000000e+02 6.373626373626374297e-01 5.589675122385402428e-01
1.510555555555555429e+02 1.105555555555555571e+02 1.488333333333333428e+02 5.920535920535919816e-01 7.303565247490482193e-01
1.451875000000000000e+02 1.078750000000000000e+02 1.511458333333333428e+02 4.742723492723492362e-01 7.178738317757007437e-01
1.501999999999999886e+02 1.052000000000000028e+02 1.450000000000000000e+02 5.417879417879417625e-01 5.676012461059189995e-01
1.306470588235294201e+02 1.136470588235294059e+02 1.555294117647058840e+02 4.921527862704332956e-01 6.016126076598865557e-01
1.340370370370370381e+02 1.039259259259259238e+02 1.552592592592592666e+02 5.924385924385925373e-01 5.932848736587054139e-01
1.368600000000000136e+02 1.080799999999999983e+02 1.481599999999999966e+02 4.427858627858629603e-01 6.702180685358252177e-01
1.173157894736842053e+02 1.084360902255639161e+02 1.556541353383458670e+02 5.192972035077296766e-01 6.173377368655282860e-01
1.384166666666666572e+02 1.090625000000000000e+02 1.540416666666666572e+02 5.336538461538462563e-01 6.850337487019725335e-01
1.268750000000000000e+02 1.048875000000000028e+02 1.581125000000000114e+02 6.383056133056131953e-01 6.135514018691594629e-01
1.201666666666666714e+02 1.076052631578947398e+02 1.548333333333333428e+02 5.554582923003973383e-01 6.109471498059789729e-01
1.163359375000000000e+02 1.051796875000000000e+02 1.596250000000000000e+02 5.497336278586280045e-01 5.908781152647980539e-01
1.241969696969697026e+02 1.042727272727272663e+02 1.611818181818181870e+02 6.352296352296352699e-01 5.868970074577553042e-01
1.144264705882352899e+02 1.048161764705882320e+02 1.602352941176470722e+02 5.638987403693287437e-01 5.872503206890237193e-01
4.469230769230769340e+01 1.203236074270557054e+02 1.189721485411140520e+02 4.618527934177800165e-01 8.421791979639222658e-01
1.103968253968253919e+02 1.044285714285714306e+02 1.611825396825396695e+02 5.596640596640596321e-01 5.905651980418339386e-01
2.858586688578471779e+01 1.209605587510271221e+02 1.273779786359901465e+02 5.100166217668273827e-01 7.465474828302073318e-01
1.677037037037036953e+02 1.084814814814814810e+02 1.259259259259259238e+02 4.599984599984598410e-01 5.529018114687898056e-01
1.461428571428571388e+02 1.092857142857142918e+02 1.421428571428571388e+02 5.497475497475498019e-01 6.212728081886959020e-01
1.695526315789473699e+02 1.117368421052631646e+02 1.208421052631578902e+02 5.122004595688806061e-01 5.504181013280865509e-01
1.861999999999999886e+02 1.140999999999999943e+02 1.237000000000000028e+02 6.247401247401247470e-01 5.255451713395637992e-01
1.776666666666666572e+02 1.103333333333333286e+02 1.280000000000000000e+02 6.541926541926542660e-01 5.794392523364485514e-01
4.549565217391304373e+01 1.203055900621118042e+02 1.227726708074534230e+02 4.880618793662269139e-01 7.901472494727280749e-01
2.639466895958727477e+01 1.213920894239036983e+02 1.271023215821152235e+02 5.218920885300945001e-01 7.536744320601750369e-01
1.558571428571428612e+02 1.125714285714285694e+02 1.347142857142857224e+02 6.124146124146123693e-01 5.473965287049399331e-01
1.737500000000000000e+02 1.085000000000000000e+02 1.290000000000000000e+02 7.538981288981290163e-01 5.658099688473519073e-01
3.997538100820633389e+01 1.214372801875732648e+02 1.172321219226260212e+02 4.454133996924150019e-01 8.519975311617774549e-01
1.280277777777777715e+02 1.167222222222222285e+02 1.600833333333333428e+02 5.274890274890275954e-01 4.477327795084804496e-01
3.727092050209205354e+01 1.220156903765690402e+02 1.174184100418409997e+02 4.551274802320832147e-01 8.576069813214448612e-01
1.200847457627118615e+02 1.130000000000000000e+02 1.529152542372881385e+02 5.233094894111842699e-01 6.183008606579022404e-01
9.997297297297296836e+01 1.080221130221130181e+02 1.550343980343980377e+02 5.164864354053536610e-01 6.250507091628604295e-01
1.430000000000000000e+02 1.020000000000000000e+02 1.520000000000000000e+02 6.507276507276507083e-01 5.856697819314641285e-01
1.480000000000000000e+02 1.037999999999999972e+02 1.475999999999999943e+02 6.906444906444906273e-01 5.738317757009345765e-01
1.234473684210526301e+02 1.141184210526315752e+02 1.551842105263157805e+02 4.673651384177698875e-01 5.758321036235445334e-01
1.351111111111111143e+02 1.152888888888888914e+02 1.581999999999999886e+02 4.715176715176714883e-01 5.259951540325370489e-01
1.556035502958579855e+02 1.195029585798816498e+02 1.505325443786982191e+02 4.235997490435361446e-01 5.416874043761175095e-01
1.154676258992805771e+02 1.080863309352517945e+02 1.510863309352517945e+02 5.202889663321316194e-01 6.042044868777873834e-01
9.770909090909090366e+01 1.150000000000000000e+02 1.486545454545454561e+02 5.029673029673028539e-01 6.289058812423289346e-01
1.882429245283018915e+01 1.222759433962264097e+02 1.277264150943396288e+02 5.266543757109802826e-01 7.506098277787570661e-01
1.584912718204488691e+01 1.238104738154613500e+02 1.280872817955112168e+02 5.164298194223376770e-01 7.418603025147406660e-01
1.154468085106382915e+02 1.151276595744680833e+02 1.552553191489361666e+02 4.572919892068829095e-01 5.235633326705111390e-01
9.095425867507886508e+00 1.253753943217665636e+02 1.286048895899053548e+02 5.310161532559007913e-01 7.224294151753668514e-01
1.308636363636363740e+02 1.137954545454545467e+02 1.588181818181818130e+02 4.539312039312038971e-01 5.782356273010477166e-01
1.640956521739130380e+02 1.209565217391304373e+02 1.620695652173913004e+02 4.257615475006779060e-01 3.411892184748752666e-01
1.472682926829268411e+02 1.075609756097560989e+02 1.531463414634146432e+02 3.716342984635667146e-01 7.267684826380970131e-01
1.365121951219512084e+02 1.088780487804878021e+02 1.552682926829268411e+02 6.327772425333402229e-01 6.757085327862619728e-01
1.222727272727272663e+02 1.133863636363636402e+02 1.603636363636363740e+02 4.939519939519936842e-01 6.129991503823277732e-01
1.298108108108108070e+02 1.106486486486486456e+02 1.555675675675675791e+02 6.191492948249704975e-01 6.326513429317167647e-01
3.713425925925925952e+01 1.182268518518518476e+02 1.359629629629629619e+02 5.005967505967506836e-01 7.016124379831529811e-01
3.344788732394366093e+01 1.228197183098591552e+02 1.173239436619718248e+02 4.631704293676127127e-01 8.617641466660793670e-01
1.798633879781420930e+01 1.224508196721311464e+02 1.296092896174863256e+02 5.294354884518821525e-01 7.358876802342405599e-01
1.246904761904761898e+02 1.140952380952381020e+02 1.589523809523809632e+02 4.608454608454606860e-01 5.886367007862334244e-01
4.886928104575163445e+01 1.128921568627450966e+02 1.436111111111111143e+02 5.002445884798820686e-01 6.705658379655086154e-01
5.652184466019417641e+01 1.117063106796116472e+02 1.456213592233009706e+02 5.051975051975052811e-01 6.604663823609480122e-01
5.878271604938271366e+01 1.115135802469135768e+02 1.460024691358024711e+02 5.043402376735708348e-01 6.600899965385952362e-01
4.498909090909091191e+01 1.130727272727272776e+02 1.430763636363636238e+02 4.771649971649971067e-01 6.737921268762389060e-01
4.455952380952381020e+01 1.155238095238095184e+02 1.385000000000000000e+02 4.972197472197473767e-01 6.990308065074404276e-01
4.082700421940928237e+01 1.135443037974683591e+02 1.421350210970464047e+02 5.127415633744748513e-01 6.728183287984536021e-01
2.734836065573770369e+01 1.156147540983606490e+02 1.372254098360655803e+02 5.268736580211992315e-01 6.984959910116946835e-01
2.403412969283276368e+01 1.189488054607508474e+02 1.335290102389078584e+02 4.833999134340430381e-01 7.181163811893284121e-01
4.263445378151260456e+01 1.146932773109243726e+02 1.403487394957983270e+02 4.920770803123745707e-01 6.816539699992135715e-01
3.861965811965811923e+01 1.137948717948717956e+02 1.415811965811965933e+02 5.335572258649183830e-01 6.768644992944047312e-01
1.327187500000000000e+02 1.136875000000000000e+02 1.604062500000000000e+02 4.287941787941788596e-01 5.884929906542053502e-01
1.423428571428571558e+02 1.094285714285714306e+02 1.542285714285714278e+02 3.911493911493912345e-01 6.995104583889625305e-01
4.803292181069959099e+01 1.148971193415637799e+02 1.400246913580246826e+02 5.583361138916692612e-01 6.862941168929385105e-01
2.880000000000000071e+01 1.146375000000000028e+02 1.383833333333333258e+02 5.368416493416495738e-01 7.000000000000010658e-01
1.325021422450728359e+01 1.287146529562982096e+02 1.153487574978577612e+02 5.931907782807525065e-01 8.988646768480001992e-01
1.736912751677852214e+02 1.196107382550335529e+02 1.516577181208053560e+02 4.708730413428401929e-01 5.269815383972069611e-01
1.627692307692307736e+02 1.108461538461538396e+02 1.550769230769230660e+02 4.572205341436110237e-01 7.138749101365924332e-01
1.428695652173913118e+02 1.057826086956521721e+02 1.602608695652174049e+02 4.258338606164692175e-01 7.246376811594198442e-01
1.492820512820512704e+02 1.075897435897435912e+02 1.560256410256410220e+02 3.331734100964870438e-01 7.240993689591814775e-01
1.499375000000000000e+02 1.065625000000000000e+02 1.622500000000000000e+02 5.569126819126819505e-01 7.237149532710278610e-01
1.820783783783783747e+02 1.199513513513513487e+02 1.602108108108108127e+02 4.477552396471317642e-01 3.793382167213937839e-01
1.687692307692307736e+02 1.115384615384615330e+02 1.586153846153846132e+02 4.701743163281625337e-01 6.695422957105200412e-01
1.554761904761904816e+02 1.085714285714285694e+02 1.559047619047618980e+02 5.526185526185527497e-01 7.263017356475304220e-01
1.586153846153846132e+02 1.078461538461538396e+02 1.599230769230769340e+02 4.353110506956661685e-01 7.248981548046968815e-01
1.642941176470588118e+02 1.088823529411764639e+02 1.611176470588235361e+02 4.667971138559374733e-01 7.227414330218066008e-01
1.688888888888888857e+02 1.066666666666666714e+02 1.641111111111111143e+02 4.853314853314853461e-01 7.227414330218068228e-01
1.555833333333333428e+02 1.058333333333333286e+02 1.604166666666666572e+02 4.138946638946638945e-01 7.266355140186915307e-01
1.527647058823529278e+02 1.104117647058823479e+02 1.532352941176470722e+02 3.935428641310994569e-01 7.253069452079896617e-01
1.312857142857142776e+02 1.086285714285714334e+02 1.540857142857142890e+02 5.307395307395307293e-01 6.275033377837114790e-01
1.728000000000000114e+02 1.112000000000000028e+02 1.511999999999999886e+02 5.675675675675676546e-01 7.289719626168225108e-01
1.667500000000000000e+02 1.112500000000000000e+02 1.486250000000000000e+02 6.525467775467775899e-01 7.359813084112150072e-01
1.834873949579831844e+02 1.186218487394958032e+02 1.478319327731092301e+02 4.749733573262984732e-01 5.694651692452687985e-01
2.709361702127659655e+01 1.243336170212765950e+02 1.164595744680851084e+02 5.211023134427390513e-01 8.684721946046262131e-01
1.320937500000000000e+02 1.120312500000000000e+02 1.450625000000000000e+02 5.665280665280666428e-01 6.591705607476635587e-01
1.209459459459459509e+02 1.123243243243243228e+02 1.443783783783783861e+02 5.092993201101309042e-01 6.406499957901825582e-01
7.050000000000000000e+01 1.330000000000000000e+02 1.465000000000000000e+02 1.507276507276507360e-01 7.445482866043613424e-01
1.073333333333333286e+02 1.400000000000000000e+02 1.506666666666666572e+02 3.762993762993763203e-01 7.590861889927310591e-01
1.678260869565217490e+02 1.203478260869565162e+02 1.345652173913043441e+02 5.271626141191356751e-01 3.643505350128674047e-01
1.134285714285714306e+02 1.344285714285714164e+02 1.477142857142857224e+02 3.302643302643302747e-01 6.586559857587894751e-01
1.337931034482758541e+01 1.261072796934865892e+02 1.213716475095785370e+02 5.689695000039821648e-01 8.666404077296753217e-01
1.230000000000000000e+02 1.355000000000000000e+02 1.455000000000000000e+02 8.326403326403326588e-01 7.663551401869158619e-01
1.428333333333333428e+02 1.238333333333333286e+02 1.273333333333333286e+02 4.255024255024255631e-01 4.013499480789199936e-01
1.192000000000000028e+02 1.311999999999999886e+02 1.450000000000000000e+02 6.091476091476091259e-01 7.196261682242990343e-01
1.800000000000000000e+02 1.260000000000000000e+02 1.250000000000000000e+02 7.016632016632016189e-01 7.585669781931463351e-01
2.170000000000000000e+02 1.260000000000000000e+02 1.270000000000000000e+02 8.669438669438669365e-01 7.538940809968847079e-01
9.300000000000000000e+01 1.280000000000000000e+02 1.230000000000000000e+02 5.280665280665280958e-01 7.570093457943924964e-01
1.230000000000000000e+02 1.280000000000000000e+02 1.220000000000000000e+02 5.301455301455301194e-01 7.570093457943924964e-01
1.655000000000000000e+02 1.270000000000000000e+02 1.215000000000000000e+02 5.343035343035342777e-01 7.601246105919002849e-01
2.050000000000000000e+02 1.260000000000000000e+02 1.250000000000000000e+02 5.343035343035342777e-01 7.570093457943924964e-01
8.700000000000000000e+01 1.290000000000000000e+02 1.195000000000000000e+02 3.638253638253638456e-01 7.616822429906542347e-01
1.100000000000000000e+02 1.290000000000000000e+02 1.190000000000000000e+02 1.975051975051975162e-01 7.601246105919002849e-01
1.483333333333333428e+02 1.273333333333333286e+02 1.216666666666666714e+02 4.248094248094247960e-01 7.642782969885772992e-01
1.895000000000000000e+02 1.260000000000000000e+02 1.235000000000000000e+02 5.363825363825364123e-01 7.601246105919002849e-01
1.634000000000000057e+02 1.227000000000000028e+02 1.339000000000000057e+02 4.345114345114345911e-01 5.096573208722741111e-01
8.300000000000000000e+01 1.290000000000000000e+02 1.190000000000000000e+02 8.627858627858627782e-01 7.601246105919002849e-01
1.025000000000000000e+02 1.295000000000000000e+02 1.180000000000000000e+02 5.332640332640332659e-01 7.632398753894080734e-01
1.360000000000000000e+02 1.290000000000000000e+02 1.180000000000000000e+02 8.669438669438669365e-01 7.601246105919002849e-01
1.800000000000000000e+02 1.270000000000000000e+02 1.210000000000000000e+02 8.690228690228690711e-01 7.601246105919002849e-01
6.800000000000000000e+01 1.295000000000000000e+02 1.190000000000000000e+02 3.648648648648648574e-01 7.647975077881619121e-01
1.210000000000000000e+02 1.290000000000000000e+02 1.180000000000000000e+02 5.343035343035342777e-01 7.632398753894080734e-01
1.808571428571428612e+02 1.230000000000000000e+02 1.297142857142857224e+02 5.004455004455004019e-01 5.994659546061414934e-01
5.600000000000000000e+01 1.290000000000000000e+02 1.200000000000000000e+02 8.669438669438669365e-01 7.663551401869158619e-01
9.800000000000000000e+01 1.280000000000000000e+02 1.210000000000000000e+02 8.690228690228690711e-01 7.663551401869158619e-01
1.060000000000000000e+02 1.270000000000000000e+02 1.240000000000000000e+02 5.363825363825364123e-01 7.694704049844236504e-01
1.550000000000000000e+02 1.260000000000000000e+02 1.260000000000000000e+02 5.384615384615384359e-01 7.694704049844236504e-01
1.807914893617021335e+01 1.274144680851063782e+02 1.147710638297872379e+02 5.489060910337505428e-01 8.819327898190512105e-01
1.370000000000000000e+02 1.261250000000000000e+02 1.390000000000000000e+02 5.997920997920997976e-01 5.969626168224299034e-01
1.630000000000000000e+02 1.310000000000000000e+02 1.460000000000000000e+02 1.600831600831600920e-01 7.757009345794392274e-01
1.920000000000000000e+02 1.340000000000000000e+02 1.455000000000000000e+02 1.632016632016632107e-01 7.757009345794392274e-01
1.710000000000000000e+02 1.340000000000000000e+02 1.440000000000000000e+02 1.663201663201663294e-01 7.757009345794392274e-01
1.420000000000000000e+02 1.330000000000000000e+02 1.420000000000000000e+02 1.683991683991684085e-01 7.757009345794392274e-01
1.760000000000000000e+02 1.440000000000000000e+02 1.530000000000000000e+02 8.295218295218295124e-01 7.757009345794392274e-01
1.810000000000000000e+02 1.440000000000000000e+02 1.510000000000000000e+02 8.316008316008316470e-01 7.757009345794392274e-01
1.670000000000000000e+02 1.430000000000000000e+02 1.500000000000000000e+02 8.336798336798336706e-01 7.757009345794392274e-01
1.490000000000000000e+02 1.410000000000000000e+02 1.480000000000000000e+02 8.357588357588358052e-01 7.757009345794392274e-01
1.267999999999999972e+02 1.364000000000000057e+02 1.450000000000000000e+02 6.020790020790020014e-01 6.853582554517133607e-01
1.061666666666666714e+02 1.331666666666666572e+02 1.453333333333333428e+02 6.479556479556479731e-01 6.848390446521287478e-01
9.840000000000000568e+01 1.321999999999999886e+02 1.461999999999999886e+02 4.295218295218295457e-01 6.168224299065420135e-01
1.120000000000000000e+02 1.390000000000000000e+02 1.496666666666666572e+02 6.209286209286208891e-01 6.874350986500518124e-01
1.290000000000000000e+02 1.450000000000000000e+02 1.540000000000000000e+02 4.927234927234927508e-01 7.788161993769470159e-01
1.430000000000000000e+02 1.510000000000000000e+02 1.545000000000000000e+02 3.326403326403326588e-01 7.803738317757009657e-01
1.600000000000000000e+02 1.540000000000000000e+02 1.590000000000000000e+02 4.968814968814969091e-01 7.788161993769470159e-01
1.660000000000000000e+02 1.530000000000000000e+02 1.560000000000000000e+02 4.989604989604989882e-01 7.788161993769470159e-01
1.600000000000000000e+02 1.520000000000000000e+02 1.540000000000000000e+02 5.010395010395010118e-01 7.788161993769470159e-01
1.520000000000000000e+02 1.480000000000000000e+02 1.520000000000000000e+02 5.031185031185031464e-01 7.788161993769470159e-01
1.360000000000000000e+02 1.455000000000000000e+02 1.490000000000000000e+02 6.715176715176714994e-01 7.803738317757009657e-01
1.213333333333333286e+02 1.400000000000000000e+02 1.473333333333333428e+02 3.929313929313929532e-01 7.819314641744549155e-01
1.136666666666666714e+02 1.323333333333333428e+02 1.426666666666666572e+02 2.792792792792793133e-01 7.829698857736241413e-01
1.190000000000000000e+02 1.490000000000000000e+02 1.540000000000000000e+02 1.600831600831600920e-01 7.819314641744548044e-01
1.305000000000000000e+02 1.535000000000000000e+02 1.570000000000000000e+02 4.968814968814969091e-01 7.819314641744548044e-01
1.400000000000000000e+02 1.580000000000000000e+02 1.600000000000000000e+02 1.642411642411642503e-01 7.819314641744548044e-01
1.465000000000000000e+02 1.560000000000000000e+02 1.565000000000000000e+02 1.673596673596673690e-01 7.819314641744548044e-01
1.310000000000000000e+02 1.470000000000000000e+02 1.490000000000000000e+02 1.725571725571725668e-01 7.819314641744548044e-01
1.190000000000000000e+02 1.450000000000000000e+02 1.520000000000000000e+02 8.274428274428274888e-01 7.819314641744548044e-01
1.260000000000000000e+02 1.500000000000000000e+02 1.540000000000000000e+02 8.295218295218295124e-01 7.819314641744548044e-01
1.355000000000000000e+02 1.505000000000000000e+02 1.540000000000000000e+02 8.347193347193346824e-01 7.819314641744548044e-01
1.290000000000000000e+02 1.413333333333333428e+02 1.480000000000000000e+02 6.146916146916147072e-01 7.840083073727933671e-01
1.330000000000000000e+02 1.380000000000000000e+02 1.450000000000000000e+02 5.051975051975051700e-01 7.850467289719625930e-01
5.895319812792511982e+01 1.188299531981279245e+02 1.250436817472698863e+02 5.161860528475190613e-01 8.515948114560102367e-01
2.152259887005649830e+01 1.257730696798493426e+02 1.155790960451977440e+02 5.317821080532946221e-01 8.739784454183335827e-01
6.374685816876122146e+01 1.184596050269299781e+02 1.250125673249551141e+02 5.003788486732826390e-01 8.625088787843213645e-01
4.199767171129219889e+01 1.211955762514551793e+02 1.170640279394644949e+02 4.390615205516257835e-01 8.470800285777482230e-01
2.361051693404634477e+01 1.254269162210338635e+02 1.157237076648841310e+02 5.302789420436478940e-01 8.733070118446698560e-01
1.563199300699300665e+01 1.282937062937062933e+02 1.145926573426573469e+02 5.785731939578094840e-01 8.911236738339513019e-01
3.021288014311270231e+01 1.234096601073345312e+02 1.169472271914132335e+02 4.950460988028075326e-01 8.620394674513351951e-01
