7.863450292397661201e+01 1.321122357174988622e+02 9.140800719748088454e+01
7.156951423785594102e+01 1.310489949748743754e+02 9.404773869346733761e+01
7.627272727272726627e+01 1.230909090909090935e+02 1.063636363636363598e+02
7.500000000000000000e+01 1.230000000000000000e+02 1.140000000000000000e+02
7.895005370569280956e+01 1.175204081632653015e+02 1.317781954887217921e+02
8.404999999999999716e+01 1.212500000000000000e+02 1.160499999999999972e+02
6.610102647217719607e+01 1.308676391139924249e+02 9.555375472717450691e+01
6.350437636761488136e+01 1.310426695842450897e+02 9.584573304157548534e+01
5.847413793103448398e+01 1.308241379310344712e+02 9.727356321839080522e+01
5.359580052493438274e+01 1.304429133858267846e+02 9.894422572178477537e+01
8.195238095238094900e+01 1.211428571428571388e+02 1.161904761904761898e+02
8.835294117647059409e+01 1.207647058823529420e+02 1.190588235294117680e+02
9.591111111111111143e+01 1.201333333333333400e+02 1.190222222222222257e+02
8.495344129554655410e+01 1.323022941970310455e+02 8.993837156995051885e+01
7.940000000000000568e+01 1.227999999999999972e+02 1.060999999999999943e+02
8.942857142857143060e+01 1.225714285714285694e+02 1.080476190476190510e+02
1.029411764705882320e+02 1.197647058823529420e+02 1.193235294117647101e+02
1.072413793103448256e+02 1.199310344827586192e+02 1.198620689655172384e+02
8.629999999999999716e+01 1.212000000000000028e+02 1.145499999999999972e+02
1.168989513822688338e+02 1.173203050524308821e+02 1.343260247855100147e+02
1.147999999999999972e+02 1.195666666666666629e+02 1.174666666666666686e+02
9.645714285714285552e+01 1.232285714285714278e+02 1.085142857142857196e+02
1.014485871271585609e+02 1.170729984301412827e+02 1.353241758241758248e+02
9.256521739130434412e+01 1.210000000000000000e+02 1.133913043478260931e+02
9.570853462157809588e+01 1.172310789049919464e+02 1.346074879227053032e+02
9.783947772657450059e+01 1.170944700460829466e+02 1.350168970814132194e+02
9.903225806451612812e+01 1.213548387096774235e+02 1.130967741935483843e+02
8.716616616616616398e+01 1.174384384384384390e+02 1.327252252252252163e+02
8.973919674631417820e+01 1.174041687849517075e+02 1.335175394001016684e+02
8.355378858746492199e+01 1.174434050514499575e+02 1.321033676333021560e+02
8.103091557669441158e+01 1.322130796670630275e+02 9.075410225921521601e+01
9.548756218905472792e+01 1.285174129353233923e+02 9.496517412935322966e+01
1.030999999999999943e+02 1.224666666666666686e+02 1.115000000000000000e+02
9.799532710280374204e+01 1.287429906542056131e+02 9.385981308411214741e+01
8.795233730522456028e+01 1.324782309807515901e+02 8.911319890009166045e+01
1.193123123123123150e+02 1.171851851851851904e+02 1.347057057057056966e+02
1.284734133790737474e+02 1.175025728987993148e+02 1.375283018867924625e+02
1.303936170212765830e+02 1.174148936170212778e+02 1.384131205673758984e+02
1.255555555555555571e+02 1.207777777777777715e+02 1.197222222222222285e+02
1.124331550802139077e+02 1.261016042780748734e+02 9.828342245989304615e+01
1.231965317919075176e+02 1.251618497109826649e+02 9.980346820809248243e+01
6.843666026871400732e+01 1.307327255278310929e+02 9.518330134357005079e+01
1.390127795527156422e+02 1.175910543130990362e+02 1.416293929712460056e+02
1.332272727272727195e+02 1.184545454545454533e+02 1.252727272727272663e+02
1.301034482758620641e+02 1.199310344827586192e+02 1.110344827586206833e+02
1.041355441081777258e+02 1.335830650354153306e+02 8.474855119124275404e+01
1.350344827586206975e+02 1.196551724137931103e+02 1.124137931034482705e+02
1.104203821656050906e+02 1.257961783439490375e+02 1.001210191082802510e+02
1.193850574712643748e+02 1.257356321839080522e+02 9.854597701149425859e+01
1.266194029850746290e+02 1.242313432835820919e+02 1.032164179104477597e+02
1.355367647058823479e+02 1.239338235294117680e+02 1.042573529411764639e+02
1.475148514851485118e+02 1.231287128712871350e+02 1.062673267326732685e+02
1.421882352941176464e+02 1.234941176470588289e+02 1.043294117647058812e+02
1.310999999999999943e+02 1.195000000000000000e+02 1.153499999999999943e+02
1.416857142857142833e+02 1.212000000000000028e+02 1.205714285714285694e+02
1.486399999999999864e+02 1.191200000000000045e+02 1.287599999999999909e+02
1.543522727272727195e+02 1.223409090909090935e+02 1.053863636363636402e+02
1.580129032258064399e+02 1.211741935483870947e+02 1.008774193548387075e+02
1.478148148148148096e+02 1.205925925925925952e+02 1.190000000000000000e+02
1.576956521739130324e+02 1.178695652173912976e+02 1.264782608695652186e+02
1.650000000000000000e+02 1.183333333333333286e+02 1.348750000000000000e+02
1.063795620437956160e+02 1.182554744525547505e+02 1.441386861313868621e+02
1.318449612403100843e+02 1.243023255813953512e+02 1.035193798449612359e+02
1.517037037037036953e+02 1.181851851851851904e+02 1.202592592592592524e+02
1.611304347826086882e+02 1.172173913043478279e+02 1.278260869565217348e+02
9.426174496644294720e+01 1.160134228187919518e+02 1.463825503355704711e+02
8.805256869772998130e+01 1.088482676224611652e+02 1.518172043010752645e+02
1.093658536585365795e+02 1.184227642276422756e+02 1.461056910569105582e+02
1.003511904761904816e+02 1.158392857142857082e+02 1.484285714285714164e+02
1.300199004975124240e+02 1.188805970149253710e+02 1.490298507462686644e+02
1.379867549668874176e+02 1.192185430463576097e+02 1.541986754966887361e+02
1.139894736842105232e+02 1.190052631578947313e+02 1.489052631578947228e+02
1.175075376884422127e+02 1.184924623115577873e+02 1.492361809045226266e+02
1.656528662420382148e+02 1.206656050955413946e+02 1.575636942675159275e+02
1.518846153846153868e+02 1.216153846153846132e+02 1.618461538461538396e+02
8.806666666666666288e+01 1.215333333333333314e+02 1.108666666666666600e+02
1.171951219512195053e+02 1.258841463414634205e+02 9.798780487804877737e+01
1.050000000000000000e+02 1.235000000000000000e+02 1.562500000000000000e+02
1.506357615894039839e+02 1.202649006622516623e+02 1.566291390728476927e+02
1.797011494252873547e+02 1.201522988505747094e+02 1.625804597701149419e+02
1.720000000000000000e+02 1.192500000000000000e+02 1.758125000000000000e+02
1.652666666666666799e+02 1.210000000000000000e+02 1.731999999999999886e+02
1.608333333333333428e+02 1.213333333333333286e+02 1.725000000000000000e+02
1.896315789473684106e+02 1.198421052631578902e+02 1.783157894736842195e+02
1.771935483870967687e+02 1.206451612903225765e+02 1.741290322580645125e+02
1.204393939393939377e+02 1.182979797979797922e+02 1.492424242424242493e+02
1.159479166666666714e+02 1.106979166666666714e+02 1.582812500000000000e+02
1.846111111111111143e+02 1.206666666666666714e+02 1.777222222222222285e+02
1.814230769230769340e+02 1.205769230769230802e+02 1.769230769230769340e+02
1.331500000000000057e+02 1.205499999999999972e+02 1.200000000000000000e+02
1.543000000000000114e+02 1.205999999999999943e+02 1.708000000000000114e+02
1.683125000000000000e+02 1.210000000000000000e+02 1.746250000000000000e+02
1.523931623931623847e+02 1.180384615384615330e+02 1.440598290598290703e+02
9.158185586000460887e+01 1.328040524982730801e+02 8.806009670734515282e+01
1.219285714285714306e+02 1.202857142857142918e+02 1.180000000000000000e+02
1.719829931972789154e+02 1.207244897959183731e+02 1.630136054421768677e+02
2.064245754245754370e+02 1.192817182817182839e+02 1.611318681318681456e+02
1.843342465753424619e+02 1.199753424657534282e+02 1.614328767123287776e+02
1.750898550724637630e+02 1.203652173913043413e+02 1.623536231884058054e+02
1.629209302325581348e+02 1.179348837209302303e+02 1.440651162790697697e+02
1.501538461538461604e+02 1.196153846153846132e+02 1.305769230769230660e+02
1.580576923076923208e+02 1.197051282051282044e+02 1.513525641025641164e+02
1.359473684210526301e+02 1.190000000000000000e+02 1.240526315789473699e+02
1.281153846153846132e+02 1.202307692307692264e+02 1.112692307692307736e+02
1.744864864864864842e+02 1.187837837837837895e+02 1.366216216216216139e+02
2.090331807780320332e+02 1.188604118993135046e+02 1.649187643020594862e+02
1.615200000000000102e+02 1.211466666666666612e+02 1.621599999999999966e+02
1.364866310160427929e+02 1.194919786096256615e+02 1.504652406417112331e+02
1.464179104477611872e+02 1.192537313432835759e+02 1.495621890547263604e+02
1.005000000000000000e+02 1.268750000000000000e+02 1.506250000000000000e+02
1.890828402366863941e+02 1.197899408284023650e+02 1.563461538461538396e+02
1.421348314606741496e+02 1.192247191011235969e+02 1.502528089887640590e+02
1.330111111111111200e+02 1.191277777777777800e+02 1.499777777777777885e+02
1.469696969696969688e+02 1.207500000000000000e+02 1.568257575757575637e+02
1.916081081081080981e+02 1.188378378378378386e+02 1.497094594594594525e+02
1.231485714285714295e+02 1.186057142857142850e+02 1.500514285714285734e+02
1.906360759493670969e+02 1.197974683544303787e+02 1.633101265822784853e+02
1.672128514056225015e+02 1.210763052208835404e+02 1.630441767068273009e+02
1.556483050847457719e+02 1.181991525423728859e+02 1.443389830508474461e+02
1.553529411764705799e+02 1.197647058823529420e+02 1.361764705882353041e+02
1.746573033707865079e+02 1.201938202247191043e+02 1.582724719101123583e+02
8.969117647058823195e+01 1.170073529411764639e+02 1.433161764705882320e+02
1.666571428571428442e+02 1.197357142857142804e+02 1.054928571428571473e+02
1.700901639344262435e+02 1.189918032786885220e+02 1.070409836065573757e+02
1.578113207547169736e+02 1.213018867924528337e+02 1.091320754716981156e+02
1.747905759162303525e+02 1.183769633507853456e+02 1.109109947643979126e+02
1.813587786259541872e+02 1.192290076335877842e+02 1.494961832061068776e+02
9.951177394034536405e+01 1.332970172684458419e+02 8.596326530612245165e+01
1.395000000000000000e+02 1.199749999999999943e+02 1.124000000000000057e+02
1.415897435897435912e+02 1.207435897435897374e+02 1.123589743589743648e+02
1.438000000000000114e+02 1.215999999999999943e+02 1.277999999999999972e+02
1.016770630279402212e+02 1.336137102014295124e+02 8.519395711500975210e+01
1.097845303867403288e+02 1.264088397790055183e+02 9.804419889502761976e+01
1.533750000000000000e+02 1.200000000000000000e+02 1.258125000000000000e+02
1.121034482758620641e+02 1.198965517241379359e+02 1.182758620689655231e+02
1.284966887417218402e+02 1.253642384105960303e+02 9.829801324503311832e+01
1.199231062047963405e+02 1.327540921202893003e+02 8.240768937952036310e+01
1.290000000000000000e+02 1.270000000000000000e+02 1.120000000000000000e+02
1.439032258064516157e+02 1.210645161290322562e+02 1.210322580645161281e+02
1.364858934169278939e+02 1.177586206896551744e+02 1.433260188087774338e+02
1.223659432387312194e+02 1.322330550918196934e+02 8.257963272120200315e+01
1.570666666666666629e+02 1.210333333333333314e+02 1.175666666666666629e+02
1.682222222222222285e+02 1.172592592592592524e+02 1.290370370370370381e+02
1.740000000000000000e+02 1.170952380952381020e+02 1.305714285714285836e+02
1.090422090729783093e+02 1.332398422090729753e+02 8.423629191321498411e+01
1.142569832402234624e+02 1.334764565043894606e+02 8.278451715881882933e+01
2.312925619834710744e+02 1.179157024793388473e+02 1.640991735537189982e+02
1.142949640287769739e+02 1.271798561151079099e+02 9.415107913669065454e+01
1.277063299896229722e+02 1.312417848495330475e+02 8.282601176063646164e+01
1.300418195157740229e+02 1.307483492296404961e+02 8.306016140865737896e+01
1.598117647058823536e+02 1.207686274509803894e+02 1.585568627450980443e+02
1.320526315789473699e+02 1.253771929824561369e+02 9.713157894736842479e+01
1.371283643892339512e+02 1.294621118012422301e+02 8.352463768115941889e+01
1.394019477644975780e+02 1.289048251438689761e+02 8.381540504648074830e+01
1.772841530054644750e+02 1.200382513661202211e+02 1.592923497267759672e+02
1.450000000000000000e+02 1.204545454545454533e+02 1.160454545454545467e+02
1.378750000000000000e+02 1.235568181818181870e+02 9.911363636363635976e+01
1.464157782515991357e+02 1.273965884861407289e+02 8.453251599147121453e+01
1.484591265397536404e+02 1.268533034714445620e+02 8.488801791713325429e+01
1.432781456953642305e+02 1.242980132450331183e+02 9.095364238410596158e+01
1.544399999999999977e+02 1.204000000000000057e+02 1.119599999999999937e+02
1.517852348993288558e+02 1.230872483221476443e+02 9.800671140939597592e+01
1.881067073170731589e+02 1.197195121951219505e+02 1.625640243902439011e+02
1.581052631578947398e+02 1.186842105263157947e+02 1.289473684210526301e+02
1.753402777777777715e+02 1.195902777777777715e+02 1.502291666666666572e+02
2.235699999999999932e+02 1.182219999999999942e+02 1.662920000000000016e+02
1.249162878787878839e+02 1.316731060606060737e+02 8.283333333333332860e+01
1.897037037037036953e+02 1.182222222222222285e+02 1.333518518518518476e+02
2.215875000000000057e+02 1.188974999999999937e+02 1.596500000000000057e+02
1.775621301775148027e+02 1.202159763313609488e+02 1.623875739644970508e+02
1.746666666666666572e+02 1.210000000000000000e+02 1.298333333333333428e+02
1.986363636363636260e+02 1.244545454545454533e+02 1.358181818181818130e+02
1.959000000000000057e+02 1.209666666666666686e+02 1.431333333333333258e+02
2.191754385964912331e+02 1.184093567251461963e+02 1.664074074074074190e+02
1.440597826086956559e+02 1.188913043478260931e+02 1.479565217391304373e+02
1.803417721518987378e+02 1.185949367088607573e+02 1.165569620253164516e+02
1.764054054054054177e+02 1.187837837837837895e+02 1.235405405405405475e+02
2.075909090909090935e+02 1.205454545454545467e+02 1.350909090909090935e+02
1.991212121212121247e+02 1.203333333333333286e+02 1.432121212121212182e+02
2.014857142857142946e+02 1.180000000000000000e+02 1.380285714285714391e+02
1.644214876033057919e+02 1.200413223140495802e+02 1.044628099173553721e+02
1.896082474226804209e+02 1.182268041237113465e+02 1.451958762886598038e+02
1.218831168831168839e+02 1.140779220779220822e+02 1.540129870129870255e+02
1.645333333333333314e+02 1.194666666666666686e+02 1.231333333333333400e+02
1.918501628664495229e+02 1.197198697068403845e+02 1.590651465798045479e+02
1.719354838709677438e+02 1.190709677419354904e+02 1.472258064516128968e+02
1.718499999999999943e+02 1.204500000000000028e+02 1.205000000000000000e+02
1.061961325966850893e+02 1.083839779005524804e+02 1.554972375690607862e+02
1.742222222222222285e+02 1.215833333333333286e+02 1.379722222222222285e+02
1.583046875000000000e+02 1.180429687500000000e+02 1.440664062500000000e+02
1.494338624338624300e+02 1.194708994708994680e+02 1.491481481481481524e+02
1.566163522012578539e+02 1.196037735849056673e+02 1.527610062893081704e+02
1.625789473684210407e+02 1.198421052631578902e+02 1.361578947368421098e+02
1.275828220858895747e+02 1.258711656441717821e+02 9.552760736196319158e+01
1.620322580645161281e+02 1.200967741935483843e+02 1.149354838709677438e+02
1.122206736353077758e+02 1.335958188153310005e+02 8.313162988772744200e+01
2.123829787234042499e+02 1.197234042553191529e+02 1.466808510638297776e+02
2.221999999999999886e+02 1.222727272727272663e+02 1.388363636363636431e+02
2.305777777777777828e+02 1.230666666666666629e+02 1.367111111111111086e+02
2.096774193548387188e+02 1.193655913978494567e+02 1.468817204301075208e+02
1.877884615384615472e+02 1.189615384615384670e+02 1.184615384615384670e+02
2.363333333333333428e+02 1.238641975308642031e+02 1.353950617283950635e+02
1.644848484848484986e+02 1.191212121212121247e+02 1.170000000000000000e+02
1.957142857142857224e+02 1.181428571428571388e+02 1.230285714285714249e+02
1.975111111111111200e+02 1.183555555555555543e+02 1.242888888888888914e+02
1.846250000000000000e+02 1.197500000000000000e+02 1.256875000000000000e+02
2.115294117647058840e+02 1.241764705882352899e+02 1.351764705882353041e+02
1.463523809523809405e+02 1.184809523809523739e+02 1.450000000000000000e+02
2.026578947368421098e+02 1.189210526315789451e+02 1.267368421052631646e+02
1.958857142857142719e+02 1.186571428571428584e+02 1.295714285714285836e+02
2.026842105263157805e+02 1.247894736842105203e+02 1.361052631578947398e+02
2.405810810810810949e+02 1.243783783783783718e+02 1.345945945945945823e+02
1.942653061224489761e+02 1.179387755102040813e+02 1.173265306122448948e+02
1.963740458015267052e+02 1.194274809160305324e+02 1.524732824427480864e+02
2.021052631578947398e+02 1.235263157894736850e+02 1.375789473684210407e+02
2.005476190476190368e+02 1.187380952380952408e+02 1.257857142857142918e+02
2.251178343949044631e+02 1.190477707006369457e+02 1.580891719745222872e+02
2.054666666666666686e+02 1.252666666666666657e+02 1.352666666666666799e+02
2.234339622641509493e+02 1.230000000000000000e+02 1.368490566037735903e+02
2.373563474387527776e+02 1.175478841870824027e+02 1.645478841870824169e+02
2.110978260869565304e+02 1.195652173913043441e+02 1.496195652173913118e+02
2.220800000000000125e+02 1.214800000000000040e+02 1.434199999999999875e+02
1.856363636363636260e+02 1.252727272727272663e+02 1.346363636363636260e+02
1.388888888888888857e+02 1.213703703703703667e+02 1.187037037037037095e+02
1.988648648648648702e+02 1.179459459459459509e+02 1.405405405405405475e+02
2.296666666666666572e+02 1.221904761904761898e+02 1.441904761904762040e+02
1.711785714285714164e+02 1.235357142857142918e+02 1.355000000000000000e+02
2.083260869565217490e+02 1.192934782608695627e+02 1.485434782608695627e+02
1.735483870967742064e+02 1.221290322580645125e+02 1.352903225806451530e+02
1.683409090909090935e+02 1.206201298701298725e+02 1.576785714285714164e+02
2.185535714285714164e+02 1.211428571428571388e+02 1.430000000000000000e+02
2.052962962962963047e+02 1.179259259259259238e+02 1.398148148148148096e+02
2.449868938401048410e+02 1.180629095674967175e+02 1.606474442988204316e+02
1.604705882352941160e+02 1.209411764705882320e+02 1.223529411764705941e+02
1.854187327823691476e+02 1.198374655647382951e+02 1.587796143250688772e+02
1.958965517241379359e+02 1.168965517241379359e+02 1.317931034482758719e+02
1.798571428571428612e+02 1.152380952380952408e+02 1.353333333333333428e+02
1.629629629629629619e+02 1.176666666666666714e+02 1.183703703703703667e+02
1.857857142857142776e+02 1.168571428571428612e+02 1.367500000000000000e+02
1.343014063093880566e+02 1.299669327251995412e+02 8.327822120866591149e+01
1.834916666666666742e+02 1.186416666666666657e+02 1.478583333333333201e+02
1.961250000000000000e+02 1.180833333333333286e+02 1.390416666666666572e+02
1.427222797927461215e+02 1.282466321243523453e+02 8.404145077720207269e+01
1.675886524822695094e+02 1.195460992907801483e+02 1.036950354609929121e+02
1.999600000000000080e+02 1.168799999999999955e+02 1.338799999999999955e+02
1.565838976674191088e+02 1.237276147479307724e+02 8.779382994732881684e+01
1.519806094182825404e+02 1.246509695290858701e+02 8.735734072022160035e+01
2.009310344827586334e+02 1.174827586206896513e+02 1.318965517241379359e+02
1.613650674662668791e+02 1.225562218890554789e+02 8.866341829085457960e+01
1.779347593582887725e+02 1.166791443850267314e+02 9.550588235294117112e+01
1.734606003752345202e+02 1.181594746716697983e+02 9.378424015009380810e+01
1.931621621621621614e+02 1.173513513513513544e+02 1.218108108108108070e+02
1.641030844155844193e+02 1.213011363636363598e+02 9.015178571428570820e+01
2.349375000000000000e+02 1.183750000000000000e+02 1.517500000000000000e+02
2.122173913043478137e+02 1.170000000000000000e+02 1.378695652173913118e+02
1.675976529756915454e+02 1.202925398155909420e+02 9.117015926236378220e+01
1.802384615384615358e+02 1.160186813186813168e+02 9.628461538461537828e+01
1.220625000000000000e+02 1.200000000000000000e+02 1.130625000000000000e+02
1.166250000000000000e+02 1.200416666666666714e+02 1.123333333333333286e+02
2.118695652173913118e+02 1.163043478260869534e+02 1.332608695652174049e+02
2.323750000000000000e+02 1.165000000000000000e+02 1.472500000000000000e+02
1.704467912266449900e+02 1.192770105605198978e+02 9.246791226645004258e+01
1.419090909090909065e+02 1.189545454545454533e+02 1.106818181818181870e+02
1.509555555555555486e+02 1.121777777777777771e+02 1.210444444444444514e+02
1.447272727272727195e+02 1.134090909090909065e+02 1.189545454545454533e+02
2.163333333333333428e+02 1.176666666666666714e+02 1.413000000000000114e+02
1.531666666666666572e+02 1.141666666666666714e+02 1.266666666666666714e+02
1.737096774193548470e+02 1.165161290322580641e+02 1.352258064516128968e+02
1.762360189573459763e+02 1.174265402843601862e+02 9.457156398104265804e+01
1.675185185185185048e+02 1.177037037037037095e+02 1.360370370370370381e+02
1.810500000000000114e+02 1.168499999999999943e+02 1.270000000000000000e+02
2.051111111111111143e+02 1.187037037037037095e+02 1.336666666666666572e+02
1.838703481392556967e+02 1.149351740696278483e+02 9.769267707082832430e+01
1.762974358974358893e+02 1.152205128205128233e+02 1.010461538461538424e+02
1.902142857142857224e+02 1.154285714285714306e+02 1.240000000000000000e+02
1.885625000000000000e+02 1.161250000000000000e+02 1.054375000000000000e+02
1.305789473684210407e+02 1.156842105263157947e+02 1.232631578947368354e+02
1.861363102232667472e+02 1.145522914218566370e+02 9.813043478260870245e+01
7.105225080385852721e+01 1.177692926045016009e+02 1.311197749196141444e+02
1.230000000000000000e+02 1.170000000000000000e+02 1.070000000000000000e+02
1.345555555555555429e+02 1.157777777777777715e+02 1.167777777777777715e+02
2.028125000000000000e+02 1.136250000000000000e+02 1.186875000000000000e+02
5.556710775047258721e+01 1.196654064272211713e+02 1.294796786389414081e+02
1.552941176470588118e+02 1.221372549019607874e+02 9.930718954248365549e+01
1.229375000000000000e+02 1.155000000000000000e+02 1.191250000000000000e+02
4.432607729897823390e+01 1.202065748556197207e+02 1.282585517547756524e+02
1.906283618581907149e+02 1.129486552567237112e+02 1.012640586797066078e+02
2.011999999999999886e+02 1.110000000000000000e+02 1.330000000000000000e+02
2.046428571428571388e+02 1.137857142857142918e+02 1.460000000000000000e+02
1.947166666666666686e+02 1.098833333333333400e+02 1.126500000000000057e+02
1.706842105263157805e+02 1.112368421052631646e+02 1.208684210526315752e+02
1.886250000000000000e+02 1.106785714285714306e+02 1.134642857142857082e+02
2.062500000000000000e+02 1.137500000000000000e+02 1.225000000000000000e+02
2.080000000000000000e+02 1.115999999999999943e+02 1.450000000000000000e+02
1.786222222222222342e+02 1.187999999999999972e+02 1.203555555555555543e+02
1.339736842105263293e+02 1.194210526315789451e+02 1.101315789473684248e+02
6.362978723404255277e+01 1.178308510638297832e+02 1.303659574468085225e+02
2.055555555555555429e+02 1.105555555555555571e+02 1.328888888888888857e+02
2.230000000000000000e+02 1.160000000000000000e+02 1.360000000000000000e+02
2.141818181818181870e+02 1.163636363636363598e+02 1.381818181818181870e+02
1.775151515151515014e+02 1.207878787878787818e+02 1.381515151515151558e+02
6.577902621722846277e+01 1.184719101123595522e+02 1.244906367041198507e+02
1.747500000000000000e+02 1.168333333333333286e+02 1.195833333333333286e+02
1.266250000000000000e+02 1.138125000000000000e+02 1.225625000000000000e+02
1.356315789473684106e+02 1.095614035087719316e+02 1.299649122807017534e+02
1.120666666666666629e+02 1.199666666666666686e+02 1.203666666666666600e+02
1.674499999999999886e+02 1.121749999999999972e+02 1.201749999999999972e+02
1.582244897959183731e+02 1.109795918367346985e+02 1.210000000000000000e+02
1.599230769230769340e+02 1.155384615384615330e+02 1.136153846153846132e+02
1.985174731182795824e+02 1.112231182795698885e+02 1.041787634408602088e+02
1.619333333333333371e+02 1.156666666666666714e+02 1.227999999999999972e+02
1.446363636363636260e+02 1.183181818181818130e+02 1.215454545454545467e+02
1.208125000000000000e+02 1.202500000000000000e+02 1.227500000000000000e+02
1.576428571428571388e+02 1.176428571428571388e+02 1.340714285714285836e+02
3.730841121495327428e+01 1.178177570093457973e+02 1.364065420560747555e+02
3.324000000000000199e+01 1.138766666666666652e+02 1.398966666666666754e+02
1.879289276807980116e+02 1.136571072319201932e+02 9.995012468827930263e+01
1.615714285714285836e+02 1.242857142857142918e+02 1.291428571428571388e+02
1.827142857142857224e+02 1.168571428571428612e+02 1.302142857142857224e+02
8.216568047337278813e+01 1.176923076923076934e+02 1.421775147928994159e+02
5.385271317829457161e+01 1.121550387596899157e+02 1.449715762273901873e+02
4.504059040590406227e+01 1.167859778597785976e+02 1.369298892988929879e+02
6.566463414634147000e+01 1.162560975609756042e+02 1.413170731707317032e+02
1.870000000000000000e+02 1.243750000000000000e+02 1.296250000000000000e+02
1.913333333333333428e+02 1.226666666666666714e+02 1.298333333333333428e+02
1.290000000000000000e+02 1.195000000000000000e+02 1.182727272727272663e+02
1.341071428571428612e+02 1.194940476190476204e+02 1.516547619047618980e+02
7.759574468085106957e+01 1.170141843971631204e+02 1.433404255319148888e+02
1.712222222222222285e+02 1.256666666666666714e+02 1.286666666666666572e+02
1.996875000000000000e+02 1.248125000000000000e+02 1.319375000000000000e+02
2.090000000000000000e+02 1.229090909090909065e+02 1.349090909090909065e+02
1.956250000000000000e+02 1.222500000000000000e+02 1.296875000000000000e+02
1.554222222222222172e+02 1.205555555555555571e+02 1.145111111111111057e+02
5.283251714005876920e+01 1.193418217433888344e+02 1.210832517140058826e+02
9.401910828025478395e+01 1.167388535031847141e+02 1.444585987261146443e+02
6.261851851851852047e+01 1.188462962962963019e+02 1.228518518518518476e+02
2.054000000000000057e+02 1.249000000000000057e+02 1.310999999999999943e+02
9.400000000000000000e+01 1.280000000000000000e+02 1.320000000000000000e+02
1.658000000000000114e+02 1.115428571428571445e+02 1.169142857142857110e+02
7.917374881964117606e+01 1.091133144475920744e+02 1.499631728045325758e+02
4.808333333333333570e+01 1.268333333333333286e+02 1.386666666666666572e+02
5.960000000000000142e+01 1.275999999999999943e+02 1.390000000000000000e+02
8.572727272727273373e+01 1.298181818181818130e+02 1.431818181818181870e+02
1.873725490196078454e+02 1.197871148459383761e+02 1.582745098039215748e+02
9.022222222222222854e+01 1.292222222222222285e+02 1.427777777777777715e+02
9.985714285714286120e+01 1.251428571428571388e+02 1.477142857142857224e+02
9.225000000000000000e+01 1.292500000000000000e+02 1.492500000000000000e+02
3.882259570494864676e+01 1.204094304388422074e+02 1.279028944911297856e+02
1.746176470588235361e+02 1.108529411764705941e+02 1.148235294117647101e+02
7.300000000000000000e+01 1.293333333333333428e+02 1.441666666666666572e+02
5.800000000000000000e+01 1.320000000000000000e+02 1.460000000000000000e+02
8.362500000000000000e+01 1.285000000000000000e+02 1.426250000000000000e+02
1.027999999999999972e+02 1.264000000000000057e+02 1.478000000000000114e+02
1.244000000000000057e+02 1.260000000000000000e+02 1.511999999999999886e+02
1.452580645161290249e+02 1.209354838709677438e+02 1.551451612903225907e+02
1.230000000000000000e+02 1.285000000000000000e+02 1.565000000000000000e+02
1.165000000000000000e+02 1.315000000000000000e+02 1.550000000000000000e+02
1.111666666666666714e+02 1.303333333333333428e+02 1.528333333333333428e+02
9.716666666666667140e+01 1.298333333333333428e+02 1.478333333333333428e+02
8.469753086419753174e+01 1.176419753086419746e+02 1.430679012345678984e+02
1.692333333333333201e+02 1.107666666666666657e+02 1.150999999999999943e+02
1.833488372093023315e+02 1.113488372093023315e+02 1.115116279069767415e+02
1.955131761442441132e+02 1.119001386962551976e+02 1.027905686546463215e+02
1.516153846153846132e+02 1.232307692307692264e+02 1.316153846153846132e+02
1.235000000000000000e+02 1.290000000000000000e+02 1.475000000000000000e+02
1.057500000000000000e+02 1.307500000000000000e+02 1.477500000000000000e+02
8.950000000000000000e+01 1.350000000000000000e+02 1.478333333333333428e+02
9.400000000000000000e+01 1.350000000000000000e+02 1.510000000000000000e+02
1.313333333333333428e+02 1.300000000000000000e+02 1.553333333333333428e+02
1.555000000000000000e+02 1.300000000000000000e+02 1.650000000000000000e+02
1.475999999999999943e+02 1.335999999999999943e+02 1.625999999999999943e+02
1.390000000000000000e+02 1.350000000000000000e+02 1.560000000000000000e+02
1.297272727272727195e+02 1.364545454545454675e+02 1.527272727272727195e+02
1.093333333333333286e+02 1.366666666666666572e+02 1.500000000000000000e+02
1.541590909090909065e+02 1.119772727272727337e+02 1.207500000000000000e+02
1.629743589743589780e+02 1.103076923076923066e+02 1.211025641025641022e+02
1.605000000000000000e+02 1.267500000000000000e+02 1.486250000000000000e+02
1.448000000000000114e+02 1.328000000000000114e+02 1.484000000000000057e+02
1.515000000000000000e+02 1.341666666666666572e+02 1.585000000000000000e+02
1.706666666666666572e+02 1.340000000000000000e+02 1.611666666666666572e+02
1.959090909090909065e+02 1.293636363636363740e+02 1.622727272727272805e+02
1.845000000000000000e+02 1.300000000000000000e+02 1.680000000000000000e+02
1.815000000000000000e+02 1.315000000000000000e+02 1.670000000000000000e+02
1.775714285714285836e+02 1.284285714285714164e+02 1.595714285714285836e+02
1.653379310344827502e+02 1.194758620689655118e+02 1.499724137931034420e+02
1.372727272727272805e+02 1.099818181818181841e+02 1.286363636363636260e+02
1.426440677966101589e+02 1.095932203389830448e+02 1.280508474576271283e+02
1.921999999999999886e+02 1.264000000000000057e+02 1.505999999999999943e+02
1.750000000000000000e+02 1.335000000000000000e+02 1.540000000000000000e+02
1.564444444444444571e+02 1.380000000000000000e+02 1.573333333333333428e+02
1.715000000000000000e+02 1.372500000000000000e+02 1.620000000000000000e+02
1.850000000000000000e+02 1.345000000000000000e+02 1.630000000000000000e+02
2.085000000000000000e+02 1.310000000000000000e+02 1.649166666666666572e+02
2.257142857142857224e+02 1.264761904761904816e+02 1.681428571428571388e+02
2.212307692307692264e+02 1.270000000000000000e+02 1.696153846153846132e+02
2.142142857142857224e+02 1.261428571428571388e+02 1.710000000000000000e+02
2.134000000000000057e+02 1.279000000000000057e+02 1.703000000000000114e+02
2.054285714285714164e+02 1.315714285714285836e+02 1.677142857142857224e+02
2.011999999999999886e+02 1.329333333333333371e+02 1.673333333333333428e+02
1.921818181818181870e+02 1.372727272727272805e+02 1.656363636363636260e+02
1.497500000000000000e+02 1.397500000000000000e+02 1.590000000000000000e+02
1.047999999999999972e+02 1.361999999999999886e+02 1.475999999999999943e+02
7.800000000000000000e+01 1.308000000000000114e+02 1.428000000000000114e+02
1.328906250000000000e+02 1.077968750000000000e+02 1.340312500000000000e+02
1.476774193548387188e+02 1.101612903225806406e+02 1.255161290322580641e+02
1.975000000000000000e+02 1.295000000000000000e+02 1.530000000000000000e+02
1.920000000000000000e+02 1.350000000000000000e+02 1.580000000000000000e+02
1.797777777777777715e+02 1.411111111111111143e+02 1.622222222222222285e+02
1.750000000000000000e+02 1.415000000000000000e+02 1.622500000000000000e+02
1.590000000000000000e+02 1.420000000000000000e+02 1.620000000000000000e+02
1.428000000000000114e+02 1.414000000000000057e+02 1.604000000000000057e+02
1.237999999999999972e+02 1.365999999999999943e+02 1.521999999999999886e+02
1.502352941176470722e+02 1.089705882352941160e+02 1.266176470588235361e+02
1.518157894736842195e+02 1.082894736842105203e+02 1.305263157894736707e+02
1.542340425531915002e+02 1.080212765957446805e+02 1.326170212765957501e+02
1.218526315789473671e+02 1.071368421052631561e+02 1.429789473684210463e+02
1.226507936507936449e+02 1.079047619047618980e+02 1.377460317460317469e+02
1.850000000000000000e+02 1.295000000000000000e+02 1.592500000000000000e+02
2.160000000000000000e+02 1.301999999999999886e+02 1.705000000000000000e+02
2.098000000000000114e+02 1.330000000000000000e+02 1.670000000000000000e+02
1.892222222222222285e+02 1.363333333333333428e+02 1.667777777777777715e+02
1.633750000000000000e+02 1.407500000000000000e+02 1.616250000000000000e+02
6.555886736214604582e+01 1.105886736214605008e+02 1.475275707898658766e+02
1.324699999999999989e+02 1.071800000000000068e+02 1.397199999999999989e+02
1.341739130434782510e+02 1.075652173913043441e+02 1.356521739130434696e+02
1.163517241379310292e+02 1.073862068965517267e+02 1.487793103448275929e+02
1.203750000000000000e+02 1.147500000000000000e+02 1.231875000000000000e+02
1.273846153846153868e+02 1.121538461538461604e+02 1.249230769230769198e+02
1.857500000000000000e+02 1.412500000000000000e+02 1.622500000000000000e+02
2.036666666666666572e+02 1.366666666666666572e+02 1.630000000000000000e+02
2.168000000000000114e+02 1.320000000000000000e+02 1.661999999999999886e+02
1.260000000000000000e+02 1.330000000000000000e+02 1.580000000000000000e+02
1.268256880733945025e+02 1.069908256880734001e+02 1.424770642201834789e+02
1.238016528925619895e+02 1.070082644628099189e+02 1.445867768595041412e+02
1.143469387755102105e+02 1.075850340136054371e+02 1.491156462585034035e+02
1.118571428571428612e+02 1.114285714285714306e+02 1.309285714285714164e+02
1.571724137931034591e+02 1.088965517241379359e+02 1.256551724137931103e+02
1.865000000000000000e+02 1.103260869565217348e+02 1.143695652173912976e+02
1.951666666666666572e+02 1.343333333333333428e+02 1.685000000000000000e+02
1.730000000000000000e+02 1.340000000000000000e+02 1.680000000000000000e+02
1.310000000000000000e+02 1.320000000000000000e+02 1.600000000000000000e+02
6.942675159235669469e+01 1.170509554140127335e+02 1.417388535031847141e+02
1.225739130434782567e+02 1.069043478260869620e+02 1.466173913043478194e+02
1.265135135135135158e+02 1.070000000000000000e+02 1.451621621621621614e+02
1.047000000000000028e+02 1.091500000000000057e+02 1.428750000000000000e+02
1.657096774193548470e+02 1.084516129032258078e+02 1.266774193548387046e+02
1.791724137931034591e+02 1.087241379310344769e+02 1.198620689655172384e+02
1.640000000000000000e+02 1.286666666666666572e+02 1.633333333333333428e+02
1.600000000000000000e+02 1.358000000000000114e+02 1.600000000000000000e+02
2.203076923076923208e+02 1.286923076923076792e+02 1.776923076923076792e+02
1.390000000000000000e+02 1.280000000000000000e+02 1.630000000000000000e+02
1.122000000000000028e+02 1.078642857142857139e+02 1.489785714285714278e+02
1.460816326530612344e+02 1.072653061224489761e+02 1.352448979591836746e+02
1.571702127659574444e+02 1.073404255319148888e+02 1.328297872340425556e+02
7.350000000000000000e+01 1.271250000000000000e+02 1.430000000000000000e+02
7.900000000000000000e+01 1.255000000000000000e+02 1.465000000000000000e+02
1.340000000000000000e+02 1.410000000000000000e+02 1.600000000000000000e+02
1.310000000000000000e+02 1.450000000000000000e+02 1.600000000000000000e+02
1.564444444444444571e+02 1.422222222222222285e+02 1.578888888888888857e+02
2.164285714285714164e+02 1.307142857142857224e+02 1.738571428571428612e+02
6.338125000000000142e+01 1.170187499999999972e+02 1.405187500000000114e+02
9.062500000000000000e+01 1.307500000000000000e+02 1.463750000000000000e+02
1.746666666666666572e+02 1.320000000000000000e+02 1.598888888888888857e+02
2.098000000000000114e+02 1.330000000000000000e+02 1.720000000000000000e+02
2.221875000000000000e+02 1.274375000000000000e+02 1.798125000000000000e+02
1.723783783783783861e+02 1.099729729729729684e+02 1.212702702702702737e+02
1.177142857142857082e+02 1.331428571428571388e+02 1.484285714285714164e+02
1.528471337579617852e+02 1.202929936305732497e+02 1.565859872611464993e+02
1.480000000000000000e+02 1.280000000000000000e+02 1.560000000000000000e+02
2.258333333333333428e+02 1.235000000000000000e+02 1.768333333333333428e+02
7.550597269624573471e+01 1.095264505119453986e+02 1.495605802047781481e+02
1.412558139534883708e+02 1.074418604651162781e+02 1.372558139534883708e+02
1.122500000000000000e+02 1.305000000000000000e+02 1.485000000000000000e+02
1.435000000000000000e+02 1.363333333333333428e+02 1.523333333333333428e+02
1.703333333333333428e+02 1.305000000000000000e+02 1.588333333333333428e+02
1.984000000000000057e+02 1.344000000000000057e+02 1.699000000000000057e+02
2.101666666666666572e+02 1.328333333333333428e+02 1.751666666666666572e+02
1.308712871287128792e+02 1.070396039603960361e+02 1.417920792079207786e+02
1.630000000000000000e+02 1.350000000000000000e+02 1.570000000000000000e+02
2.041666666666666572e+02 1.300833333333333428e+02 1.629166666666666572e+02
2.060000000000000000e+02 1.343333333333333428e+02 1.733333333333333428e+02
1.706086956521739069e+02 1.079565217391304373e+02 1.242608695652173907e+02
1.382500000000000000e+02 1.330000000000000000e+02 1.477500000000000000e+02
1.551250000000000000e+02 1.387500000000000000e+02 1.545000000000000000e+02
1.707142857142857224e+02 1.365714285714285836e+02 1.601428571428571388e+02
1.996999999999999886e+02 1.285000000000000000e+02 1.605000000000000000e+02
1.797500000000000000e+02 1.345000000000000000e+02 1.645000000000000000e+02
1.108571428571428612e+02 1.121904761904761898e+02 1.276666666666666714e+02
1.178211382113821202e+02 1.079512195121951237e+02 1.519430894308943039e+02
1.582941176470588118e+02 1.075294117647058840e+02 1.300882352941176521e+02
1.916111111111111143e+02 1.115000000000000000e+02 1.103148148148148096e+02
1.241428571428571388e+02 1.297142857142857224e+02 1.414285714285714164e+02
1.660000000000000000e+02 1.400000000000000000e+02 1.560000000000000000e+02
1.665000000000000000e+02 1.365000000000000000e+02 1.655000000000000000e+02
7.950955414012739197e+01 1.174777070063694282e+02 1.415286624203821759e+02
1.177857142857142918e+02 1.142857142857142918e+02 1.224285714285714306e+02
1.203663366336633658e+02 1.071089108910891099e+02 1.444059405940594161e+02
1.513333333333333428e+02 1.393333333333333428e+02 1.556666666666666572e+02
2.104444444444444571e+02 1.316666666666666572e+02 1.653333333333333428e+02
2.210000000000000000e+02 1.280000000000000000e+02 1.610000000000000000e+02
1.483349056603773590e+02 1.180660377358490507e+02 1.436839622641509493e+02
9.700000000000000000e+01 1.110000000000000000e+02 1.250000000000000000e+02
8.825000000000000000e+01 1.107500000000000000e+02 1.277500000000000000e+02
9.633333333333332860e+01 1.098888888888888857e+02 1.401111111111111143e+02
1.620000000000000000e+02 1.428571428571428612e+02 1.610000000000000000e+02
1.365000000000000000e+02 1.310000000000000000e+02 1.555000000000000000e+02
2.120000000000000000e+02 1.290000000000000000e+02 1.570000000000000000e+02
2.180000000000000000e+02 1.255000000000000000e+02 1.530000000000000000e+02
8.501060070671377389e+01 1.089540636042402895e+02 1.509093050647821030e+02
1.682500000000000000e+02 1.287500000000000000e+02 1.540000000000000000e+02
1.007777777777777715e+02 1.110000000000000000e+02 1.345555555555555429e+02
1.015103926096997640e+02 1.085127020785219401e+02 1.544942263279445740e+02
9.913686534216336099e+01 1.084966887417218544e+02 1.536467991169977836e+02
1.723333333333333428e+02 1.426666666666666572e+02 1.570000000000000000e+02
1.824444444444444571e+02 1.417777777777777715e+02 1.625555555555555429e+02
1.963333333333333428e+02 1.235333333333333314e+02 1.407333333333333201e+02
1.477794117647058840e+02 1.189019607843137294e+02 1.474215686274509665e+02
1.461111111111111143e+02 1.148888888888888857e+02 1.278888888888888857e+02
1.307500000000000000e+02 1.310000000000000000e+02 1.435000000000000000e+02
1.905000000000000000e+02 1.400000000000000000e+02 1.575000000000000000e+02
1.950000000000000000e+02 1.390000000000000000e+02 1.630000000000000000e+02
1.544444444444444571e+02 1.262222222222222285e+02 1.434444444444444571e+02
1.285000000000000000e+02 1.347500000000000000e+02 1.445000000000000000e+02
1.800000000000000000e+02 1.390000000000000000e+02 1.530000000000000000e+02
1.990000000000000000e+02 1.360000000000000000e+02 1.600000000000000000e+02
1.100000000000000000e+02 1.301999999999999886e+02 1.405999999999999943e+02
1.535000000000000000e+02 1.380000000000000000e+02 1.495000000000000000e+02
1.650000000000000000e+02 1.360000000000000000e+02 1.530000000000000000e+02
1.442307692307692264e+02 1.088269230769230802e+02 1.311538461538461604e+02
1.420000000000000000e+02 1.135789473684210549e+02 1.186315789473684248e+02
1.620000000000000000e+02 1.330000000000000000e+02 1.510000000000000000e+02
1.790000000000000000e+02 1.300000000000000000e+02 1.510000000000000000e+02
1.540000000000000000e+02 1.310000000000000000e+02 1.450000000000000000e+02
1.770000000000000000e+02 1.290000000000000000e+02 1.460000000000000000e+02
1.915999999999999943e+02 1.255999999999999943e+02 1.465999999999999943e+02
1.759687500000000000e+02 1.100625000000000000e+02 1.210937500000000000e+02
1.941428571428571388e+02 1.068571428571428612e+02 1.214285714285714306e+02
1.781818181818181870e+02 1.097878787878787818e+02 1.170303030303030312e+02
1.711250000000000000e+02 1.212812500000000000e+02 1.386562500000000000e+02
1.623461538461538396e+02 1.083461538461538396e+02 1.291923076923076792e+02
1.804000000000000057e+02 1.047999999999999972e+02 1.270000000000000000e+02
1.846666666666666572e+02 1.107999999999999972e+02 1.134000000000000057e+02
1.421333333333333258e+02 1.124666666666666686e+02 1.225999999999999943e+02
1.410270270270270316e+02 1.083243243243243228e+02 1.503513513513513544e+02
1.539333333333333371e+02 1.045333333333333314e+02 1.400666666666666629e+02
1.645217391304347814e+02 1.075652173913043441e+02 1.291739130434782510e+02
1.672500000000000000e+02 1.063333333333333286e+02 1.313333333333333428e+02
1.690000000000000000e+02 1.050000000000000000e+02 1.323750000000000000e+02
1.325714285714285836e+02 1.163333333333333286e+02 1.227619047619047592e+02
1.506666666666666572e+02 1.147999999999999972e+02 1.161333333333333400e+02
1.533499999999999943e+02 1.210000000000000000e+02 1.335000000000000000e+02
1.391960784313725412e+02 1.072549019607843093e+02 1.374901960784313815e+02
9.114285714285713880e+01 1.090000000000000000e+02 1.410000000000000000e+02
1.510555555555555429e+02 1.105555555555555571e+02 1.488333333333333428e+02
1.451875000000000000e+02 1.078750000000000000e+02 1.511458333333333428e+02
1.501999999999999886e+02 1.052000000000000028e+02 1.450000000000000000e+02
1.306346153846153868e+02 1.135769230769230802e+02 1.555576923076923208e+02
1.288737864077669997e+02 1.068932038834951470e+02 1.428446601941747645e+02
1.338461538461538396e+02 1.037692307692307736e+02 1.544615384615384528e+02
1.368600000000000136e+02 1.080799999999999983e+02 1.481599999999999966e+02
1.173157894736842053e+02 1.084360902255639161e+02 1.556541353383458670e+02
1.384166666666666572e+02 1.090625000000000000e+02 1.540416666666666572e+02
1.268750000000000000e+02 1.048875000000000028e+02 1.581125000000000114e+02
1.201452991452991483e+02 1.076068376068376011e+02 1.547350427350427253e+02
1.457209302325581461e+02 1.080697674418604635e+02 1.327209302325581461e+02
4.091733466933867902e+01 1.203456913827655370e+02 1.280701402805611337e+02
1.398622754491017872e+02 1.193952095808383262e+02 1.500538922155688510e+02
1.168253968253968225e+02 1.054365079365079367e+02 1.592619047619047592e+02
1.242794117647058840e+02 1.042205882352941160e+02 1.613676470588235361e+02
1.151450381679389352e+02 1.046793893129770936e+02 1.604580152671755684e+02
1.103968253968253919e+02 1.044285714285714306e+02 1.611825396825396695e+02
1.211449275362318900e+02 1.037391304347826093e+02 1.633188405797101552e+02
4.471222076215505581e+01 1.203101182654402095e+02 1.190000000000000000e+02
2.858408531583264889e+01 1.209663658736669447e+02 1.273666940114848245e+02
1.677037037037036953e+02 1.084814814814814810e+02 1.259259259259259238e+02
1.461428571428571388e+02 1.092857142857142918e+02 1.421428571428571388e+02
1.858461538461538396e+02 1.143076923076923066e+02 1.228461538461538396e+02
1.776666666666666572e+02 1.103333333333333286e+02 1.280000000000000000e+02
2.639347079037800725e+01 1.213951890034364283e+02 1.271030927835051614e+02
1.558571428571428612e+02 1.125714285714285694e+02 1.347142857142857224e+02
4.003233256351039415e+01 1.214272517321016096e+02 1.172217090069284069e+02
1.280277777777777715e+02 1.167222222222222285e+02 1.600833333333333428e+02
3.728229166666666572e+01 1.220156250000000000e+02 1.174229166666666657e+02
1.430000000000000000e+02 1.020000000000000000e+02 1.520000000000000000e+02
1.480000000000000000e+02 1.037999999999999972e+02 1.475999999999999943e+02
1.235769230769230802e+02 1.143333333333333286e+02 1.551538461538461604e+02
1.351111111111111143e+02 1.152888888888888914e+02 1.581999999999999886e+02
1.556235294117647072e+02 1.195117647058823565e+02 1.505235294117647129e+02
9.758823529411765207e+01 1.150470588235294116e+02 1.486588235294117624e+02
1.879439252336448618e+01 1.223691588785046775e+02 1.276179906542056131e+02
1.423428571428571558e+02 1.094285714285714306e+02 1.542285714285714278e+02
1.581582200247218850e+01 1.238121137206427704e+02 1.280778739184177937e+02
1.154468085106382915e+02 1.151276595744680833e+02 1.552553191489361666e+02
9.093848580441640905e+00 1.253753943217665636e+02 1.286001577287066198e+02
1.308636363636363740e+02 1.137954545454545467e+02 1.588181818181818130e+02
1.640956521739130380e+02 1.209565217391304373e+02 1.620695652173913004e+02
1.365121951219512084e+02 1.088780487804878021e+02 1.552682926829268411e+02
1.222727272727272663e+02 1.133863636363636402e+02 1.603636363636363740e+02
3.344788732394366093e+01 1.228197183098591552e+02 1.173239436619718248e+02
1.737574316290130838e+01 1.228299643281807363e+02 1.291391200951248379e+02
1.246904761904761898e+02 1.140952380952381020e+02 1.589523809523809632e+02
4.882200647249190695e+01 1.128705501618123037e+02 1.436310679611650585e+02
5.647228915662650905e+01 1.117253012048192744e+02 1.456554216867469904e+02
5.878271604938271366e+01 1.115259259259259323e+02 1.459876543209876445e+02
4.498909090909091191e+01 1.130727272727272776e+02 1.430763636363636238e+02
4.082700421940928237e+01 1.135443037974683591e+02 1.421350210970464047e+02
4.439525691699604693e+01 1.153399209486165944e+02 1.388735177865612513e+02
2.734836065573770369e+01 1.156147540983606490e+02 1.372254098360655803e+02
2.426265822784809956e+01 1.191044303797468302e+02 1.333037974683544178e+02
3.861965811965811923e+01 1.137948717948717956e+02 1.415811965811965933e+02
1.327187500000000000e+02 1.136875000000000000e+02 1.604062500000000000e+02
5.221544715447154772e+01 1.154268292682926784e+02 1.383089430894308975e+02
1.085312500000000000e+02 1.139895833333333286e+02 1.496979166666666572e+02
4.803292181069959099e+01 1.148971193415637799e+02 1.400246913580246826e+02
2.904347826086956630e+01 1.143913043478260931e+02 1.385391304347826065e+02
1.299740034662045041e+01 1.287296360485268565e+02 1.154558058925476587e+02
2.187333333333333201e+02 1.200888888888888886e+02 1.479111111111110972e+02
1.485238095238095184e+02 1.075952380952381020e+02 1.552142857142857224e+02
1.736912751677852214e+02 1.196107382550335529e+02 1.516577181208053560e+02
1.627692307692307736e+02 1.108461538461538396e+02 1.550769230769230660e+02
1.428695652173913118e+02 1.057826086956521721e+02 1.602608695652174049e+02
1.506428571428571388e+02 1.077500000000000000e+02 1.595000000000000000e+02
1.476875000000000000e+02 1.063125000000000000e+02 1.623125000000000000e+02
1.659047619047618980e+02 1.093809523809523796e+02 1.601904761904762040e+02
1.554761904761904816e+02 1.085714285714285694e+02 1.559047619047618980e+02
1.586153846153846132e+02 1.078461538461538396e+02 1.599230769230769340e+02
1.688888888888888857e+02 1.066666666666666714e+02 1.641111111111111143e+02
1.555833333333333428e+02 1.058333333333333286e+02 1.604166666666666572e+02
1.527647058823529278e+02 1.104117647058823479e+02 1.532352941176470722e+02
1.312857142857142776e+02 1.086285714285714334e+02 1.540857142857142890e+02
1.728000000000000114e+02 1.112000000000000028e+02 1.511999999999999886e+02
1.667500000000000000e+02 1.112500000000000000e+02 1.486250000000000000e+02
1.004946808510638334e+02 1.174255319148936110e+02 1.466010638297872219e+02
2.709745762711864359e+01 1.243389830508474603e+02 1.164508474576271198e+02
1.320937500000000000e+02 1.120312500000000000e+02 1.450625000000000000e+02
3.695736434108527391e+01 1.144767441860465169e+02 1.405271317829457303e+02
1.209459459459459509e+02 1.123243243243243228e+02 1.443783783783783861e+02
7.100000000000000000e+01 1.326666666666666572e+02 1.453333333333333428e+02
1.073333333333333286e+02 1.400000000000000000e+02 1.506666666666666572e+02
1.678260869565217490e+02 1.203478260869565162e+02 1.345652173913043441e+02
1.134285714285714306e+02 1.344285714285714164e+02 1.477142857142857224e+02
1.338931297709923740e+01 1.261145038167938992e+02 1.213625954198473238e+02
1.230000000000000000e+02 1.355000000000000000e+02 1.455000000000000000e+02
1.428333333333333428e+02 1.238333333333333286e+02 1.273333333333333286e+02
1.192000000000000028e+02 1.311999999999999886e+02 1.450000000000000000e+02
1.800000000000000000e+02 1.260000000000000000e+02 1.250000000000000000e+02
2.170000000000000000e+02 1.260000000000000000e+02 1.270000000000000000e+02
9.300000000000000000e+01 1.280000000000000000e+02 1.230000000000000000e+02
1.230000000000000000e+02 1.280000000000000000e+02 1.220000000000000000e+02
1.655000000000000000e+02 1.270000000000000000e+02 1.215000000000000000e+02
2.050000000000000000e+02 1.260000000000000000e+02 1.250000000000000000e+02
8.700000000000000000e+01 1.290000000000000000e+02 1.195000000000000000e+02
1.100000000000000000e+02 1.290000000000000000e+02 1.190000000000000000e+02
1.483333333333333428e+02 1.273333333333333286e+02 1.216666666666666714e+02
1.895000000000000000e+02 1.260000000000000000e+02 1.235000000000000000e+02
1.634000000000000057e+02 1.227000000000000028e+02 1.339000000000000057e+02
8.300000000000000000e+01 1.290000000000000000e+02 1.190000000000000000e+02
1.025000000000000000e+02 1.295000000000000000e+02 1.180000000000000000e+02
1.360000000000000000e+02 1.290000000000000000e+02 1.180000000000000000e+02
1.800000000000000000e+02 1.270000000000000000e+02 1.210000000000000000e+02
6.800000000000000000e+01 1.295000000000000000e+02 1.190000000000000000e+02
1.210000000000000000e+02 1.290000000000000000e+02 1.180000000000000000e+02
5.600000000000000000e+01 1.290000000000000000e+02 1.200000000000000000e+02
9.800000000000000000e+01 1.280000000000000000e+02 1.210000000000000000e+02
1.060000000000000000e+02 1.270000000000000000e+02 1.240000000000000000e+02
1.550000000000000000e+02 1.260000000000000000e+02 1.260000000000000000e+02
1.848181818181818130e+02 1.236363636363636402e+02 1.292727272727272805e+02
1.807914893617021335e+01 1.274144680851063782e+02 1.147710638297872379e+02
1.370000000000000000e+02 1.261250000000000000e+02 1.390000000000000000e+02
1.630000000000000000e+02 1.310000000000000000e+02 1.460000000000000000e+02
1.920000000000000000e+02 1.340000000000000000e+02 1.455000000000000000e+02
1.710000000000000000e+02 1.340000000000000000e+02 1.440000000000000000e+02
1.420000000000000000e+02 1.330000000000000000e+02 1.420000000000000000e+02
1.760000000000000000e+02 1.440000000000000000e+02 1.530000000000000000e+02
1.810000000000000000e+02 1.440000000000000000e+02 1.510000000000000000e+02
1.670000000000000000e+02 1.430000000000000000e+02 1.500000000000000000e+02
1.490000000000000000e+02 1.410000000000000000e+02 1.480000000000000000e+02
1.267999999999999972e+02 1.364000000000000057e+02 1.450000000000000000e+02
1.061666666666666714e+02 1.331666666666666572e+02 1.453333333333333428e+02
9.840000000000000568e+01 1.321999999999999886e+02 1.461999999999999886e+02
1.120000000000000000e+02 1.390000000000000000e+02 1.496666666666666572e+02
1.290000000000000000e+02 1.450000000000000000e+02 1.540000000000000000e+02
1.430000000000000000e+02 1.510000000000000000e+02 1.545000000000000000e+02
1.600000000000000000e+02 1.540000000000000000e+02 1.590000000000000000e+02
1.660000000000000000e+02 1.530000000000000000e+02 1.560000000000000000e+02
1.600000000000000000e+02 1.520000000000000000e+02 1.540000000000000000e+02
1.520000000000000000e+02 1.480000000000000000e+02 1.520000000000000000e+02
1.360000000000000000e+02 1.455000000000000000e+02 1.490000000000000000e+02
1.213333333333333286e+02 1.400000000000000000e+02 1.473333333333333428e+02
1.136666666666666714e+02 1.323333333333333428e+02 1.426666666666666572e+02
1.190000000000000000e+02 1.490000000000000000e+02 1.540000000000000000e+02
1.305000000000000000e+02 1.535000000000000000e+02 1.570000000000000000e+02
1.400000000000000000e+02 1.580000000000000000e+02 1.600000000000000000e+02
1.465000000000000000e+02 1.560000000000000000e+02 1.565000000000000000e+02
1.310000000000000000e+02 1.470000000000000000e+02 1.490000000000000000e+02
1.190000000000000000e+02 1.450000000000000000e+02 1.520000000000000000e+02
1.260000000000000000e+02 1.500000000000000000e+02 1.540000000000000000e+02
1.355000000000000000e+02 1.505000000000000000e+02 1.540000000000000000e+02
1.290000000000000000e+02 1.413333333333333428e+02 1.480000000000000000e+02
1.330000000000000000e+02 1.380000000000000000e+02 1.450000000000000000e+02
1.367770270270270316e+02 1.174831081081081123e+02 1.402432432432432563e+02
5.895638629283489252e+01 1.188255451713395701e+02 1.250467289719626223e+02
4.244316877152697742e+01 1.208622273249138885e+02 1.181320321469575134e+02
2.152259887005649830e+01 1.257730696798493426e+02 1.155790960451977440e+02
6.374685816876122146e+01 1.184596050269299781e+02 1.250125673249551141e+02
2.354427083333333215e+01 1.254835069444444429e+02 1.156770833333333286e+02
1.563327526132404266e+01 1.282996515679442382e+02 1.145801393728223019e+02
