4.654270139309509347e+01 1.225289723399959598e+02 1.484149000605693516e+02 5.061616618248963029e-01 9.867206570422364098e-02
4.282257674643461343e+01 1.224176939811457601e+02 1.469482716944645802e+02 4.962673947445518929e-01 1.031305512068351193e-01
3.796802754549926107e+01 1.224692572552877579e+02 1.447459419576979940e+02 4.989625442158651114e-01 1.225242992186551666e-01
3.479301688726609143e+01 1.225328617069831125e+02 1.430577361935189344e+02 4.946914755221461513e-01 1.303712013604218234e-01
5.242130008176614808e+01 1.235866721177432481e+02 1.502009403107113599e+02 5.040521841421264915e-01 1.067825147803132257e-01
5.991995532390171064e+01 1.300796723752792161e+02 1.519586746090841416e+02 5.300534224584855236e-01 4.031020428992589388e-01
2.715069495245062114e+01 1.233338210192635955e+02 1.387671299683004236e+02 5.069530731564385606e-01 1.482018290501286861e-01
4.026981529109188784e+01 1.225358896422726218e+02 1.458169277530979571e+02 4.992361113474049206e-01 1.119317482411528453e-01
1.819205539358600632e+01 1.251814868804664655e+02 1.339169096209912482e+02 4.963776570919431474e-01 2.138349999545885727e-01
1.233896620278330047e+01 1.276560636182902613e+02 1.294727995662389333e+02 4.874701892594543451e-01 5.481489426510834928e-01
5.273603744149765760e+01 1.300234009360374330e+02 1.505054602184087287e+02 5.218995786858510177e-01 3.931775214933838081e-01
5.435265423242467620e+01 1.285245337159254007e+02 1.511133428981348743e+02 4.979881106136491153e-01 3.492225246606532885e-01
5.720169779286926826e+01 1.300713073005093463e+02 1.514954159592529663e+02 5.352847950471028016e-01 3.999894218512831667e-01
4.793185872279700277e+01 1.281134498751337958e+02 1.490635033892258434e+02 4.991184823507331947e-01 3.087101825702988078e-01
4.707073715562174243e+01 1.308410275502606055e+02 1.488034251675353801e+02 5.204757710342221566e-01 3.973435582679771261e-01
2.792415277030661613e+01 1.288977945131791216e+02 1.389058633674018211e+02 5.118818491599550491e-01 3.046323434533345642e-01
4.294470545717383203e+01 1.290791470907119560e+02 1.470538489338633781e+02 5.128455580208374220e-01 3.428029727304564012e-01
3.079964221824686987e+01 1.292903995229576708e+02 1.401460942158616660e+02 4.927048969982777415e-01 3.198208490536247339e-01
4.103854038540385574e+01 1.289298892988929879e+02 1.460783107831078382e+02 5.170620521174028594e-01 3.408986114783265631e-01
5.047408270238788930e+01 1.233808969132207380e+02 1.496402640264026331e+02 5.055809359827990734e-01 9.670807652507903973e-02
2.597652582159624401e+01 1.304075117370892087e+02 1.192873239436619741e+02 5.205938332698897275e-01 5.582934784198427813e-01
2.498475609756097526e+01 1.289237804878048905e+02 1.290091463414634063e+02 5.369783479539576021e-01 6.150653445786798956e-01
7.683760683760684174e+01 1.274059829059829099e+02 1.584316239316239319e+02 5.013948860102709348e-01 5.378957318209637295e-01
7.730916030534351080e+01 1.286793893129770936e+02 1.568339694656488632e+02 5.031700814143563738e-01 5.060283940928852475e-01
2.148303516347933240e+01 1.284466378778531634e+02 1.352689697717458444e+02 5.027529783853043055e-01 3.089166527334956114e-01
4.811306042884990575e+01 1.276530214424951311e+02 1.405672514619882918e+02 5.258862100967365283e-01 2.770581698274760529e-01
5.219914346895075141e+01 1.272098501070663872e+02 1.410663811563169077e+02 5.540429244926033947e-01 2.809341791910978658e-01
5.863903743315508166e+01 1.275935828877005349e+02 1.393021390374331645e+02 5.445706916295147693e-01 2.860712679294308836e-01
6.814790996784566346e+01 1.280578778135048310e+02 1.406270096463022412e+02 5.269501507443630217e-01 2.937965161122286228e-01
7.094326241134751854e+01 1.280921985815602966e+02 1.400248226950354535e+02 5.043423128529510580e-01 2.824617220123276096e-01
6.259171597633135775e+01 1.278964497041420145e+02 1.397396449704141901e+02 5.078485403929189346e-01 2.905399177865017335e-01
8.235612535612536078e+01 1.311339031339031465e+02 1.515413105413105370e+02 4.973968050891127701e-01 3.816110622964208332e-01
9.484105960264901114e+01 1.309072847682119232e+02 1.437019867549668959e+02 5.336564276961626163e-01 4.423882321388042382e-01
1.019350649350649292e+02 1.313311688311688386e+02 1.440714285714285836e+02 5.617085617085619820e-01 4.553343852409265646e-01
1.072261904761904816e+02 1.314880952380952408e+02 1.446726190476190368e+02 5.285739035739036584e-01 4.498590713543983988e-01
1.096282051282051242e+02 1.317307692307692264e+02 1.437179487179487296e+02 5.283064129217975857e-01 4.677290518412012266e-01
8.597267759562841150e+01 1.310273224043715743e+02 1.441147540983606632e+02 5.414834759097052475e-01 4.330047835486776076e-01
9.021105527638191290e+01 1.310402010050251249e+02 1.455929648241205996e+02 5.034841567504886317e-01 4.321138402291826996e-01
1.140816326530612201e+02 1.321088435374149697e+02 1.431836734693877418e+02 5.020153591582164898e-01 4.677559497319176973e-01
1.200353535353535364e+02 1.323232323232323324e+02 1.433939393939394051e+02 5.072660072660073460e-01 4.801598539916293595e-01
1.331721611721611680e+02 1.334395604395604380e+02 1.401062271062270952e+02 5.315163007470701251e-01 4.669473828352328493e-01
1.382815533980582643e+02 1.334336569579288039e+02 1.395857605177993435e+02 5.457481379811478517e-01 4.720583935718670743e-01
1.350618181818181824e+02 1.330036363636363603e+02 1.418000000000000114e+02 5.407824607824607277e-01 4.821183800623050075e-01
1.289157894736842138e+02 1.324842105263157919e+02 1.442473684210526415e+02 5.505416347521613352e-01 4.834071159206430046e-01
1.403797468354430293e+02 1.335506329113923982e+02 1.391962025316455822e+02 5.163227979683675528e-01 4.669150991758349023e-01
1.534385964912280826e+02 1.326228070175438631e+02 1.453947368421052602e+02 5.097931940037202514e-01 5.031425916816959498e-01
8.158490566037735903e+01 1.293836477987421461e+02 1.422075471698113347e+02 5.032231069966918158e-01 4.063755167616914799e-01
9.691612903225806974e+01 1.311483870967742007e+02 1.440064516129032199e+02 5.287908255650189959e-01 4.472515325092948357e-01
1.257213930348258657e+02 1.323532338308457668e+02 1.447611940298507420e+02 5.048768630858181394e-01 4.693510639946685270e-01
1.067328767123287605e+02 1.329589041095890423e+02 1.502739726027397182e+02 5.265855950787453610e-01 4.856399095292959767e-01
9.642649727767694401e+01 1.327604355716878501e+02 1.595589836660616925e+02 5.300134701223633282e-01 6.432993537663039829e-01
1.011164383561643803e+02 1.325273972602739718e+02 1.498424657534246478e+02 5.074473841597129109e-01 4.636410190756621863e-01
9.904705882352941160e+01 1.311529411764705912e+02 1.448411764705882376e+02 5.533447474623947038e-01 4.630932746930542798e-01
4.514936708860759751e+01 1.310690777576853634e+02 1.480987341772151922e+02 5.194437447601994995e-01 4.036740971083812024e-01
1.043246753246753258e+02 1.313636363636363740e+02 1.442402597402597451e+02 5.514080514080516027e-01 4.409313428005011137e-01
5.568409090909091219e+01 1.271568181818181813e+02 1.405704545454545382e+02 5.534398034398034794e-01 2.909798923817604743e-01
1.336219258935402650e+02 1.367881735708820656e+02 1.633514045250847175e+02 4.854914105105389566e-01 8.691033764648902205e-01
1.441421823334907799e+02 1.367606282475200885e+02 1.645309400094473347e+02 5.046254604591877690e-01 8.173541733806105603e-01
1.494416436917421436e+02 1.368505973480372973e+02 1.653321517657870459e+02 4.899512170091142593e-01 7.433364539149667216e-01
1.537610837438423630e+02 1.368435312418978356e+02 1.658596059113300498e+02 4.789881722731083036e-01 7.067346096468861694e-01
1.404833936555247931e+02 1.368375558867362258e+02 1.641775601447732527e+02 4.974073334729069984e-01 8.445060378567433856e-01
1.572821489557336179e+02 1.367899645343491386e+02 1.660584526467883961e+02 4.753301129237044731e-01 6.921391634984151997e-01
1.530000000000000000e+02 1.295000000000000000e+02 1.685000000000000000e+02 8.804573804573805340e-01 2.165109034267912735e-01
1.695000000000000000e+02 1.295000000000000000e+02 1.710000000000000000e+02 8.056133056133056858e-01 2.165109034267912735e-01
1.775000000000000000e+02 1.331666666666666572e+02 1.703333333333333428e+02 5.564795564795564919e-01 2.237798546209761319e-01
1.828000000000000114e+02 1.330000000000000000e+02 1.704000000000000057e+02 5.505197505197505503e-01 2.380062305295949920e-01
1.848333333333333428e+02 1.321666666666666572e+02 1.681666666666666572e+02 6.999306999306998955e-01 2.211838006230529563e-01
1.905000000000000000e+02 1.330000000000000000e+02 1.680000000000000000e+02 8.180873180873180495e-01 2.165109034267912735e-01
8.773300970873786753e+01 1.399660194174757351e+02 1.677718446601941764e+02 4.803403104373978327e-01 3.265432658863384741e-01
8.265238095238095184e+01 1.395523809523809575e+02 1.660380952380952522e+02 5.050787050787052257e-01 3.284527518172379867e-01
8.118485523385299985e+01 1.283385300668151388e+02 1.584988864142538887e+02 5.484213012052655545e-01 5.430621179637665774e-01
4.973572152754309172e+01 1.301922946941534178e+02 1.495768840824602819e+02 5.179335885655583782e-01 3.875098832539000671e-01
1.572857142857142776e+02 1.290000000000000000e+02 1.658571428571428612e+02 5.164835164835165360e-01 2.220738762794837451e-01
1.830000000000000000e+02 1.286666666666666572e+02 1.746666666666666572e+02 5.786555786555785952e-01 2.211838006230529563e-01
1.861958762886598038e+02 1.370412371134020759e+02 1.814536082474226930e+02 5.359967421823093048e-01 2.757812249092718715e-01
1.991666666666666572e+02 1.321666666666666572e+02 1.750000000000000000e+02 6.112266112266112605e-01 2.237798546209761319e-01
2.023750000000000000e+02 1.336666666666666572e+02 1.806250000000000000e+02 4.885654885654884261e-01 2.462357217030113343e-01
2.085000000000000000e+02 1.320000000000000000e+02 1.758333333333333428e+02 5.914760914760915922e-01 2.232606438213914635e-01
2.060000000000000000e+02 1.305714285714285836e+02 1.721428571428571388e+02 5.957825957825957364e-01 2.229639519359145339e-01
1.704836956521739069e+02 1.384619565217391255e+02 1.804293478260869676e+02 5.449810178071047284e-01 2.759379655966416878e-01
1.752865497076023473e+02 1.383684210526315894e+02 1.813157894736842195e+02 5.423885423885419499e-01 2.770035160590994527e-01
1.590000000000000000e+02 1.385235294117647129e+02 1.794647058823529449e+02 5.607313195548487839e-01 2.739967014843331938e-01
1.496684491978609515e+02 1.397112299465240710e+02 1.788609625668449326e+02 5.544932015520249724e-01 2.963999533543247300e-01
1.420578947368421154e+02 1.402736842105263122e+02 1.777894736842105203e+02 5.233833023306708743e-01 2.970814887686514805e-01
1.500000000000000000e+02 1.260000000000000000e+02 1.630000000000000000e+02 7.962577962577962465e-01 2.180685358255451678e-01
1.370000000000000000e+02 1.270000000000000000e+02 1.620000000000000000e+02 7.983367983367983811e-01 2.180685358255451678e-01
1.753000000000000114e+02 1.325000000000000000e+02 1.701999999999999886e+02 4.490644490644490894e-01 2.246105919003114904e-01
1.950000000000000000e+02 1.280000000000000000e+02 1.780000000000000000e+02 3.035343035343035512e-01 2.211838006230529563e-01
2.107692307692307736e+02 1.322307692307692264e+02 1.803846153846153868e+02 5.403806173036941329e-01 2.281332374790319417e-01
5.120689655172413524e+01 1.398793103448275872e+02 1.520387931034482847e+02 4.006469997849307907e-01 3.534079922655493089e-01
1.651801242236024905e+02 1.385217391304347814e+02 1.805465838509316825e+02 5.712477886390932014e-01 2.741239527098942030e-01
1.792500000000000000e+02 1.277500000000000000e+02 1.677500000000000000e+02 4.677754677754678014e-01 2.227414330218068506e-01
1.710000000000000000e+02 1.270000000000000000e+02 1.670000000000000000e+02 4.656964656964657223e-01 2.211838006230529563e-01
2.055333333333333314e+02 1.328666666666666742e+02 1.833333333333333428e+02 5.993069993069991552e-01 2.296988577362409356e-01
1.941159420289855007e+02 1.355072463768115938e+02 1.823623188405797180e+02 4.999246738377176036e-01 2.786581786988124310e-01
8.974626865671642406e+01 1.406069651741293569e+02 1.683781094527363109e+02 4.581458611309358053e-01 3.320624292865891336e-01
1.000903846153846217e+02 1.339749999999999943e+02 1.600384615384615472e+02 5.114904845674074219e-01 6.870117421519278400e-01
6.067381974248927179e+01 1.388969957081545203e+02 1.575150214592274551e+02 4.308174136500316220e-01 3.700479991443048067e-01
6.657399103139013619e+01 1.388161434977578494e+02 1.601569506726457348e+02 4.868314330197738293e-01 3.548328513753264968e-01
9.675555555555555998e+01 1.418755555555555645e+02 1.712533333333333303e+02 5.212751212751214336e-01 3.516510903426789403e-01
1.257533039647577056e+02 1.408281938325991121e+02 1.751718061674008879e+02 5.133669759220418349e-01 2.991340387280946311e-01
1.316591928251121146e+02 1.412286995515695196e+02 1.771300448430493191e+02 5.272927290864507510e-01 3.060642890071675337e-01
1.905999999999999943e+02 1.294000000000000057e+02 1.731999999999999886e+02 4.706860706860706567e-01 2.242990654205607171e-01
2.030000000000000000e+02 1.285999999999999943e+02 1.715999999999999943e+02 3.367983367983368170e-01 2.261682242990654124e-01
1.640000000000000000e+02 1.280000000000000000e+02 1.650000000000000000e+02 1.392931392931393009e-01 2.242990654205607448e-01
1.612941176470588118e+02 1.386588235294117624e+02 1.801705882352941046e+02 5.551913904855080295e-01 2.754993586219545154e-01
1.366347626339969281e+02 1.368602056442791479e+02 1.637200831327936896e+02 4.874313840623176741e-01 8.614841909341822701e-01
5.389473684210526017e+01 1.377489878542509985e+02 1.525141700404858227e+02 4.292339676955061467e-01 3.939864038240817323e-01
1.216359447004608256e+02 1.406129032258064626e+02 1.737557603686636014e+02 4.696149534859210828e-01 2.922606486067454434e-01
2.160999999999999943e+02 1.301999999999999886e+02 1.751999999999999886e+02 4.390852390852389986e-01 2.283489096573208532e-01
1.960000000000000000e+02 1.280000000000000000e+02 1.690000000000000000e+02 8.066528066528066976e-01 2.242990654205607448e-01
1.916521739130434696e+02 1.357826086956521863e+02 1.823333333333333428e+02 4.968212359516708809e-01 2.778003521603683024e-01
8.455980861244019309e+01 1.396507177033492724e+02 1.668564593301435366e+02 4.821096400043769492e-01 3.267599755548602491e-01
1.124856115107913723e+02 1.420287769784172553e+02 1.742805755395683320e+02 5.428738090608590250e-01 3.193706716869502138e-01
2.130909090909090935e+02 1.316363636363636260e+02 1.783636363636363740e+02 5.203175203175202101e-01 2.276975361087510141e-01
6.305349794238683359e+01 1.388641975308642031e+02 1.587901234567901270e+02 4.676899121343565668e-01 3.676397061651472953e-01
1.034508928571428612e+02 1.422812500000000000e+02 1.729732142857142776e+02 4.986356548856548665e-01 3.368797285269247710e-01
1.553988095238095184e+02 1.392738095238095184e+02 1.793928571428571388e+02 5.360979110979108286e-01 2.862891262423980510e-01
1.882666666666666799e+02 1.366999999999999886e+02 1.814111111111110972e+02 5.120120120120120744e-01 2.833506403599860279e-01
7.509313725490196134e+01 1.308186274509803866e+02 1.430637254901960773e+02 5.119134972076146983e-01 3.888125343595379979e-01
7.596875000000000000e+01 1.393375000000000057e+02 1.636312499999999943e+02 5.458809771309771630e-01 3.419003115264800940e-01
8.758072289156626766e+01 1.285927710843373575e+02 1.603325301204819198e+02 5.359817648974277704e-01 5.596967308486268111e-01
7.085106382978723616e+01 1.427730496453900741e+02 1.574539007092198517e+02 3.911472847643061024e-01 2.923930094341709585e-01
6.205405405405405617e+01 1.389189189189189051e+02 1.510810810810810949e+02 4.815137382704950952e-01 3.528668855771660562e-01
9.500581395348837077e+01 1.312441860465116292e+02 1.459186046511627808e+02 5.400328772421795209e-01 4.469861624284571233e-01
1.473478807697144930e+02 1.368258080744560345e+02 1.650100616274682466e+02 4.957398891495231052e-01 7.729590627327509456e-01
1.013544303797468302e+02 1.423037974683544178e+02 1.724556962025316409e+02 5.268998306972992873e-01 3.438752842514817831e-01
5.765263157894737134e+01 1.387947368421052659e+02 1.555105263157894626e+02 3.805668016194333481e-01 3.747171667486474123e-01
1.634842105263157919e+02 1.335157894736842081e+02 1.434105263157894683e+02 5.489659700186013680e-01 5.630103295622231885e-01
7.710909090909090935e+01 1.393272727272727138e+02 1.535454545454545325e+02 4.576072576072576226e-01 4.496743132257150499e-01
9.735106382978723616e+01 1.314840425531915002e+02 1.468563829787234170e+02 5.447870128721191696e-01 4.621528468217666052e-01
1.617682926829268411e+02 1.334268292682926926e+02 1.449512195121951095e+02 5.682014096648242418e-01 6.607400653445785199e-01
1.183406113537117932e+02 1.412445414847161658e+02 1.745240174672489104e+02 5.177441465651069219e-01 3.046157613353477345e-01
8.051250000000000284e+01 1.429375000000000000e+02 1.550124999999999886e+02 4.367983367983366283e-01 3.162772585669783032e-01
1.786991150442477760e+02 1.339557522123893705e+02 1.412654867256637203e+02 5.098522620646513959e-01 5.062718826675493000e-01
1.704571428571428555e+02 1.338857142857142719e+02 1.412380952380952408e+02 5.374715374715370864e-01 4.874350986500521343e-01
7.632183908045976750e+01 1.432988505747126453e+02 1.572183908045977034e+02 3.388773388773389517e-01 2.992086511261503601e-01
7.175925925925925242e+01 1.408518518518518476e+02 1.518333333333333428e+02 3.829598829598829246e-01 3.679473866389753600e-01
1.237000000000000028e+02 1.408652173913043555e+02 1.747478260869565077e+02 4.788212962126003891e-01 2.969795476093738951e-01
5.190498812351543734e+01 1.289691211401425051e+02 1.440451306413301609e+02 5.271233228477882893e-01 3.642861899793553571e-01
9.131818181818181301e+01 1.400227272727272805e+02 1.557045454545454675e+02 4.499149499149497911e-01 5.713678844519964883e-01
8.703333333333333144e+01 1.440000000000000000e+02 1.564333333333333371e+02 4.073458073458074424e-01 3.603322949117342966e-01
7.737037037037036669e+01 1.391666666666666572e+02 1.514259259259259238e+02 4.213829213829213827e-01 4.365985923618324049e-01
8.738888888888888573e+01 1.440555555555555429e+02 1.591111111111111143e+02 3.902748902748902626e-01 3.381793007961231834e-01
8.233333333333332860e+01 1.416666666666666572e+02 1.440000000000000000e+02 3.146223146223146583e-01 2.928348909657320642e-01
7.823456790123456983e+01 1.434938271604938222e+02 1.564320987654321016e+02 3.766073766073765317e-01 2.980654590208069443e-01
5.679999999999999716e+01 1.400000000000000000e+02 1.380000000000000000e+02 6.286902286902286141e-01 2.990654205607476412e-01
6.378461538461538538e+01 1.407076923076922981e+02 1.512307692307692264e+02 4.447145370222293503e-01 3.543254253534628972e-01
4.796744186046511516e+01 1.405023255813953540e+02 1.513395348837209440e+02 3.635449402891262061e-01 3.547634572194452440e-01
3.209848484848485128e+01 1.415681818181818130e+02 1.412651515151515014e+02 4.455994455994454762e-01 4.424856037005566733e-01
2.533445945945945965e+01 1.428885135135135158e+02 1.373344594594594525e+02 4.373770860257344406e-01 5.665466868737903949e-01
1.181428571428571388e+02 1.370000000000000000e+02 1.690329670329670364e+02 4.936373397911858474e-01 3.440827085686897213e-01
7.558015267175572660e+01 1.355496183206106764e+02 1.592213740458015252e+02 5.279713065972608810e-01 4.564219638058552020e-01
7.708376963350785616e+01 1.303717277486910859e+02 1.428376963350785331e+02 4.849081864788671870e-01 4.132048082725770510e-01
1.889618644067796538e+02 1.343008474576271283e+02 1.408262711864406640e+02 5.727298354416999748e-01 4.699033739901784523e-01
1.998115942028985614e+02 1.346028985507246318e+02 1.415478260869565190e+02 5.872066045979089655e-01 4.988306469818047928e-01
2.052896551724138021e+02 1.347563218390804707e+02 1.418160919540229941e+02 5.646091715057232063e-01 4.846349410964294613e-01
2.214499999999999886e+02 1.314499999999999886e+02 1.424499999999999886e+02 4.450103950103949657e-01 3.736760124610592482e-01
2.369756097560975547e+02 1.288536585365853568e+02 1.416829268292682968e+02 5.446478373307639398e-01 2.996732771066027978e-01
2.291111111111111143e+02 1.301111111111111143e+02 1.414444444444444571e+02 4.055209055209054725e-01 3.026998961578399316e-01
1.029553571428571388e+02 1.388660714285714164e+02 1.669732142857142776e+02 4.842218592218590634e-01 4.477636849132173857e-01
4.250241545893720030e+01 1.302753623188405925e+02 1.222028985507246404e+02 5.502124197776370185e-01 5.952714193266821496e-01
1.915976562500000000e+02 1.344218750000000000e+02 1.411093750000000000e+02 5.505944646569645995e-01 4.843628309968842083e-01
3.536206896551723844e+01 1.313793103448275872e+02 1.192306034482758577e+02 5.441160656677898055e-01 5.930215382962716886e-01
3.925961538461538680e+01 1.423846153846153868e+02 1.456730769230769340e+02 4.477051015512553689e-01 4.358974358974359031e-01
1.513947368421052602e+02 1.336210526315789480e+02 1.395894736842105317e+02 5.588138746033479709e-01 4.464666338744044949e-01
1.215508021390374296e+02 1.329411764705882320e+02 1.407433155080213965e+02 5.217294629059332500e-01 4.560780981891480734e-01
3.482539682539682246e+01 1.418333333333333428e+02 1.429761904761904816e+02 4.548724548724547567e-01 4.369282500123619073e-01
6.614332247557003086e+01 1.279837133550488630e+02 1.404429967426709993e+02 5.277821043293356995e-01 3.017341978954196091e-01
1.648080808080808026e+02 1.335454545454545325e+02 1.404747474747474882e+02 5.310905310905309484e-01 4.460807451461657469e-01
1.948455882352941160e+02 1.344448529411764639e+02 1.413345588235294201e+02 5.651140393787453808e-01 4.940557998900487746e-01
3.861206896551723844e+01 1.298706896551724128e+02 1.262327586206896513e+02 5.379059430783568185e-01 6.213073369857122774e-01
5.000000000000000000e+01 1.461428571428571388e+02 1.370000000000000000e+02 4.294624294624295180e-01 3.208722741433022163e-01
5.785714285714285410e+01 1.485714285714285836e+02 1.378571428571428612e+02 5.752895752895753612e-01 3.204272363150867386e-01
6.800000000000000000e+01 1.495000000000000000e+02 1.430000000000000000e+02 3.518711018711019323e-01 3.169781931464174529e-01
7.390000000000000568e+01 1.480000000000000000e+02 1.479000000000000057e+02 4.690228690228689379e-01 3.105919003115264476e-01
4.137500000000000000e+01 1.453750000000000000e+02 1.348750000000000000e+02 4.259355509355510216e-01 3.185358255451712917e-01
6.500000000000000000e+01 1.506666666666666572e+02 1.376666666666666572e+02 3.575883575883576082e-01 3.187954309449636536e-01
5.414285714285714590e+01 1.478571428571428612e+02 1.360000000000000000e+02 5.242055242055242426e-01 3.190921228304405832e-01
7.072727272727273373e+01 1.526363636363636260e+02 1.395454545454545325e+02 4.636174636174636432e-01 3.171905975644293552e-01
7.188888888888888573e+01 1.514444444444444571e+02 1.431111111111111143e+02 5.093555093555093283e-01 3.160263066805122367e-01
1.606328125000000000e+02 1.336406250000000000e+02 1.399296875000000000e+02 5.227066008316006984e-01 4.332895249221181966e-01
6.700000000000000000e+01 1.480000000000000000e+02 1.470000000000000000e+02 1.081081081081081141e-01 3.239875389408099493e-01
6.100000000000000000e+01 1.490000000000000000e+02 1.440000000000000000e+02 7.744282744282744435e-01 3.239875389408099493e-01
1.453048128342246059e+02 1.397005347593582769e+02 1.780534759358288852e+02 5.278775278775278412e-01 2.995985140020331894e-01
8.537704918032787305e+01 1.282037470725995263e+02 1.598852459016393368e+02 5.771446099314953004e-01 5.576542858601979402e-01
4.639999999999999858e+01 1.451999999999999886e+02 1.374000000000000057e+02 2.972972972972973138e-01 3.271028037383177933e-01
5.175000000000000000e+01 1.500000000000000000e+02 1.392500000000000000e+02 4.376299376299376820e-01 3.271028037383177378e-01
5.333333333333333570e+01 1.483333333333333428e+02 1.440000000000000000e+02 5.550935550935550689e-01 3.364485981308411033e-01
2.289003436426116878e+01 1.415017182130584104e+02 1.362027491408934736e+02 4.500217902279756155e-01 5.705430837909882813e-01
4.460000000000000142e+01 1.490999999999999943e+02 1.414000000000000057e+02 1.509355509355509439e-01 3.454828660436136678e-01
4.619298245614034926e+01 1.470877192982456165e+02 1.486491228070175339e+02 5.122734070102491488e-01 3.936710936219053325e-01
3.761666666666666714e+01 1.483916666666666799e+02 1.449499999999999886e+02 4.824324324324324453e-01 3.703271028037386503e-01
3.566326530612244738e+01 1.487142857142857224e+02 1.433979591836734642e+02 4.599473885188169464e-01 3.663297094538753296e-01
4.590640394088669751e+01 1.298620689655172384e+02 1.224827586206896513e+02 5.559333490367969199e-01 6.016297592191895971e-01
4.506250000000000000e+01 1.310833333333333428e+02 1.319375000000000000e+02 5.256843381843382401e-01 5.760643821391485675e-01
8.970833333333332860e+01 1.448750000000000000e+02 1.552916666666666572e+02 4.967948717948719728e-01 3.607217030114226453e-01
9.304166666666667140e+01 1.452083333333333428e+02 1.562916666666666572e+02 4.738392238392239442e-01 3.713655244029075431e-01
1.000666666666666629e+02 1.454666666666666686e+02 1.578666666666666742e+02 3.580041580041580240e-01 3.669781931464174418e-01
3.959459459459459651e+01 1.447117117117117004e+02 1.458558558558558502e+02 4.597778651832705177e-01 4.497768796834220040e-01
3.309876543209876587e+01 1.470123456790123555e+02 1.420493827160493936e+02 4.844588177921510530e-01 4.146378985423641028e-01
6.713986013986013290e+01 1.359300699300699193e+02 1.572167832167832273e+02 4.656092348400042713e-01 4.419972550813675571e-01
4.062916666666666998e+01 1.310166666666666799e+02 1.150125000000000028e+02 5.505370755370757596e-01 5.102024922118368888e-01
4.747333333333333627e+01 1.323799999999999955e+02 1.126933333333333280e+02 5.284546084546083433e-01 4.972377985462094196e-01
4.818367346938775597e+01 1.300204081632653015e+02 1.320816326530612344e+02 5.788960074674361911e-01 5.576323987538942539e-01
5.035156250000000000e+01 1.324765625000000000e+02 1.121171875000000000e+02 5.427494802494805537e-01 4.990508177570105453e-01
5.602564102564102910e+01 1.310000000000000000e+02 1.175384615384615330e+02 5.603710219094836242e-01 5.309529515136993671e-01
5.454166666666666430e+01 1.328854166666666572e+02 1.114375000000000000e+02 5.382666320166323848e-01 5.050623052959509751e-01
5.978125000000000000e+01 1.300937500000000000e+02 1.199687500000000000e+02 5.495712058212057771e-01 5.197624610591898842e-01
5.870000000000000284e+01 1.291666666666666572e+02 1.273333333333333286e+02 5.880803880803880945e-01 5.886812045690549278e-01
6.370967741935483986e+01 1.306129032258064626e+02 1.207096774193548328e+02 5.599892696666890490e-01 5.178374032760528767e-01
6.245312500000000000e+01 1.331250000000000000e+02 1.116250000000000000e+02 5.698739604989605523e-01 5.173773364485975135e-01
6.311764705882352899e+01 1.297058823529411882e+02 1.275882352941176521e+02 5.477559006970772471e-01 5.402235660619387758e-01
1.013699421965317953e+02 1.325433526011560730e+02 1.528439306358381486e+02 5.260836648119885384e-01 5.420740820773235491e-01
6.633333333333332860e+01 1.301999999999999886e+02 1.320666666666666629e+02 6.749826749826747241e-01 5.923156801661473292e-01
7.200000000000000000e+01 1.300000000000000000e+02 1.313000000000000114e+02 6.153846153846154188e-01 5.984423676012460280e-01
7.490909090909090651e+01 1.318181818181818130e+02 1.271818181818181870e+02 7.089397089397089236e-01 6.414613423959217853e-01
7.921076233183856630e+01 1.275269058295964157e+02 1.590560538116591829e+02 5.150005127583604514e-01 5.470013830099300645e-01
1.585600000000000023e+02 1.332800000000000011e+02 1.511200000000000045e+02 5.876923076923079581e-01 7.619937694704047582e-01
9.020347394540942787e+01 1.289503722084367325e+02 1.605037220843672401e+02 5.242438468244917660e-01 5.599669148056228840e-01
1.490833333333333428e+02 1.339166666666666572e+02 1.535833333333333428e+02 5.090090090090090280e-01 7.725856697819314389e-01
1.226969696969697026e+02 1.327727272727272805e+02 1.525454545454545325e+02 5.845145845145843788e-01 6.315019352402533315e-01
1.405185185185185048e+02 1.350000000000000000e+02 1.542962962962963047e+02 6.112266112266112605e-01 7.244721356870887918e-01
1.365000000000000000e+02 1.329705882352941160e+02 1.511470588235294201e+02 5.407239819004524550e-01 5.849367784496974920e-01
7.206250000000000000e+01 1.351171875000000000e+02 1.587812500000000000e+02 5.676812629937630916e-01 4.423919392523367744e-01
1.514286277602523683e+02 1.368495005257623518e+02 1.655813617245005389e+02 4.849534683919548561e-01 7.217632038418203555e-01
6.100000000000000000e+01 1.311999999999999886e+02 1.310000000000000000e+02 5.848232848232848280e-01 5.697819314641743293e-01
1.572272727272727195e+02 1.336363636363636260e+02 1.526363636363636260e+02 5.887355887355888440e-01 7.754177286887564691e-01
1.440000000000000000e+02 1.400000000000000000e+02 1.560000000000000000e+02 4.137214137214137444e-01 6.386292834890965331e-01
1.670999999999999943e+02 1.343000000000000114e+02 1.545000000000000000e+02 7.230769230769230616e-01 8.420560747663552448e-01
8.779088471849865982e+01 1.318552278820375250e+02 1.569624664879356430e+02 4.714987208284797116e-01 5.792137505950739618e-01
7.329999999999999716e+01 1.313000000000000114e+02 1.290999999999999943e+02 6.575883575883575416e-01 6.535825545171338735e-01
1.055000000000000000e+02 1.335000000000000000e+02 1.315000000000000000e+02 6.340956340956340753e-01 8.878504672897196137e-01
1.110000000000000000e+02 1.336666666666666572e+02 1.310000000000000000e+02 6.340956340956340753e-01 8.878504672897196137e-01
9.500000000000000000e+01 1.345000000000000000e+02 1.310000000000000000e+02 4.760914760914761179e-01 8.894080996884734525e-01
1.310000000000000000e+02 1.340000000000000000e+02 1.330000000000000000e+02 3.076923076923077094e-01 8.909657320872274022e-01
7.333333333333332860e+01 1.336666666666666572e+02 1.330000000000000000e+02 5.876645876645877342e-01 7.144340602284526831e-01
8.996927374301675684e+01 1.318994413407821185e+02 1.560670391061452449e+02 4.869626824934086273e-01 5.790737743434443141e-01
1.537777777777777715e+02 1.341111111111111143e+02 1.532777777777777715e+02 5.933240933240935266e-01 8.175839390792659644e-01
