1.500000000000000000e+01 4.700000000000000000e+01 5.200000000000000000e+01 0.000000000000000000e+00 0.000000000000000000e+00
1.400000000000000000e+01 3.900000000000000000e+01 3.900000000000000000e+01 0.000000000000000000e+00 0.000000000000000000e+00
1.300000000000000000e+01 3.400000000000000000e+01 3.400000000000000000e+01 0.000000000000000000e+00 0.000000000000000000e+00
1.400000000000000000e+01 3.100000000000000000e+01 3.000000000000000000e+01 0.000000000000000000e+00 0.000000000000000000e+00
1.500000000000000000e+01 1.800000000000000000e+01 1.600000000000000000e+01 0.000000000000000000e+00 0.000000000000000000e+00
1.300000000000000000e+01 2.400000000000000000e+01 2.500000000000000000e+01 0.000000000000000000e+00 0.000000000000000000e+00
6.700000000000000000e+01 1.210000000000000000e+02 1.580000000000000000e+02 0.000000000000000000e+00 0.000000000000000000e+00
1.060000000000000000e+02 1.250000000000000000e+02 1.460000000000000000e+02 0.000000000000000000e+00 0.000000000000000000e+00
3.600000000000000000e+01 8.300000000000000000e+01 1.040000000000000000e+02 0.000000000000000000e+00 0.000000000000000000e+00
7.800000000000000000e+01 1.370000000000000000e+02 1.760000000000000000e+02 0.000000000000000000e+00 0.000000000000000000e+00
6.600000000000000000e+01 1.540000000000000000e+02 2.040000000000000000e+02 0.000000000000000000e+00 0.000000000000000000e+00
1.400000000000000000e+01 7.200000000000000000e+01 1.090000000000000000e+02 0.000000000000000000e+00 0.000000000000000000e+00
1.800000000000000000e+01 7.000000000000000000e+01 1.040000000000000000e+02 0.000000000000000000e+00 0.000000000000000000e+00
5.200000000000000000e+01 1.370000000000000000e+02 1.870000000000000000e+02 0.000000000000000000e+00 0.000000000000000000e+00
6.200000000000000000e+01 1.470000000000000000e+02 1.970000000000000000e+02 0.000000000000000000e+00 0.000000000000000000e+00
4.400000000000000000e+01 1.250000000000000000e+02 1.730000000000000000e+02 0.000000000000000000e+00 0.000000000000000000e+00
3.600000000000000000e+01 1.110000000000000000e+02 1.590000000000000000e+02 0.000000000000000000e+00 0.000000000000000000e+00
2.000000000000000000e+01 8.500000000000000000e+01 1.270000000000000000e+02 0.000000000000000000e+00 0.000000000000000000e+00
5.800000000000000000e+01 1.430000000000000000e+02 1.920000000000000000e+02 0.000000000000000000e+00 0.000000000000000000e+00
4.900000000000000000e+01 1.320000000000000000e+02 1.810000000000000000e+02 0.000000000000000000e+00 0.000000000000000000e+00
2.400000000000000000e+01 9.300000000000000000e+01 1.370000000000000000e+02 0.000000000000000000e+00 0.000000000000000000e+00
1.720000000000000000e+02 1.920000000000000000e+02 2.170000000000000000e+02 0.000000000000000000e+00 0.000000000000000000e+00
1.410000000000000000e+02 1.620000000000000000e+02 1.850000000000000000e+02 0.000000000000000000e+00 0.000000000000000000e+00
3.200000000000000000e+01 1.030000000000000000e+02 1.490000000000000000e+02 0.000000000000000000e+00 0.000000000000000000e+00
2.080000000000000000e+02 2.310000000000000000e+02 2.450000000000000000e+02 0.000000000000000000e+00 0.000000000000000000e+00
3.500000000000000000e+01 2.600000000000000000e+01 2.200000000000000000e+01 0.000000000000000000e+00 0.000000000000000000e+00
3.800000000000000000e+01 4.000000000000000000e+01 8.100000000000000000e+01 0.000000000000000000e+00 0.000000000000000000e+00
4.400000000000000000e+01 4.600000000000000000e+01 9.300000000000000000e+01 0.000000000000000000e+00 0.000000000000000000e+00
4.700000000000000000e+01 4.900000000000000000e+01 1.000000000000000000e+02 0.000000000000000000e+00 0.000000000000000000e+00
6.200000000000000000e+01 5.400000000000000000e+01 5.200000000000000000e+01 0.000000000000000000e+00 0.000000000000000000e+00
